CRYSTAL
PRIMVEC
 4.86330350000000 0.00000000000000 0.00000000000000
 0.00000000000000 4.86330350000000 0.00000000000000
 0.00000000000000 0.00000000000000 4.86330350000000
PRIMCOORD
 12 1
 58     0.00000000000000     0.00000000000000     0.00000000000000
 58     0.00000000000000     2.43165170000000     2.43165170000000
 58     2.43165170000000     0.00000000000000     2.43165170000000
 58     2.43165170000000     2.43165170000000     0.00000000000000
  8     1.21582590000000     3.64747760000000     3.64747760000000
  8     3.64747760000000     1.21582590000000     1.21582590000000
  8     1.21582590000000     1.21582590000000     1.21582590000000
  8     3.64747760000000     3.64747760000000     3.64747760000000
  8     3.64747760000000     3.64747760000000     1.21582590000000
  8     1.21582590000000     1.21582590000000     3.64747760000000
  8     3.64747760000000     1.21582590000000     3.64747760000000
  8     1.21582590000000     3.64747760000000     1.21582590000000
BEGIN_BLOCK_DATAGRID_3D
 data
 BEGIN_DATAGRID_3Dgrid#1
  61 61 61
  0.000000 0.000000 0.000000
  4.863303 0.000000 0.000000
  0.000000 4.863303 0.000000
  0.000000 0.000000 4.863303
   21.729509 22.282445 24.027738 26.654656 29.282197 31.011946 31.214879 29.710877 26.757686 22.886353 18.686300 14.647068 11.095721 8.200305 6.003483 4.453788 3.437298 2.811784 2.440029 2.213156 2.058329 1.934038 1.819891 1.707603 1.595432 1.485411 1.382025 1.291140 1.218571 1.169380 1.145800 1.145800 1.169380 1.218571 1.291140 1.382025 1.485411 1.595432 1.707603 1.819891 1.934038 2.058329 2.213156 2.440029 2.811784 3.437298 4.453788 6.003485 8.200306 11.095723 14.647071 18.686302 22.886356 26.757689 29.710878 31.214880 31.011945 29.282196 26.654654 24.027736 22.282444
   22.282445 22.806344 24.456388 26.928074 29.372045 30.925084 30.989455 29.402469 26.423644 22.572571 18.421618 14.444020 10.954133 8.113140 5.960087 4.442719 3.448164 2.836092 2.471443 2.247279 2.092268 1.965939 1.848666 1.732747 1.616905 1.503583 1.397556 1.304778 1.231002 1.181153 1.157318 1.157318 1.181153 1.231002 1.304778 1.397556 1.503583 1.616905 1.732747 1.848666 1.965939 2.092268 2.247279 2.471443 2.836092 3.448165 4.442719 5.960088 8.113141 10.954135 14.444023 18.421621 22.572574 26.423646 29.402470 30.989455 30.925083 29.372044 26.928072 24.456387 22.806344
   24.027738 24.456388 25.793159 27.752117 29.589576 30.561414 30.173102 28.319913 25.265511 21.491539 17.512932 13.747759 10.469136 7.814153 5.810483 4.403516 3.483732 2.917333 2.576714 2.361612 2.205852 2.072550 1.944623 1.816333 1.687996 1.563406 1.448245 1.348822 1.270751 1.218535 1.193748 1.193748 1.218535 1.270751 1.348822 1.448245 1.563406 1.687996 1.816333 1.944623 2.072550 2.205852 2.361612 2.576714 2.917333 3.483733 4.403517 5.810484 7.814155 10.469138 13.747761 17.512935 21.491541 25.265513 28.319914 30.173102 30.561414 29.589575 27.752116 25.793157 24.456388
   26.654656 26.928074 27.752117 28.870623 29.718285 29.751913 28.645352 26.385863 23.239775 19.623060 15.954406 12.560456 9.647633 7.313168 5.566338 4.348926 3.557200 3.068597 2.768397 2.567891 2.409822 2.263551 2.116332 1.965750 1.814895 1.669811 1.537726 1.425666 1.339175 1.282170 1.255403 1.255403 1.282170 1.339175 1.425666 1.537726 1.669811 1.814895 1.965751 2.116332 2.263551 2.409822 2.567891 2.768397 3.068597 3.557201 4.348926 5.566339 7.313169 9.647635 12.560458 15.954409 19.623062 23.239777 26.385865 28.645353 29.751913 29.718285 28.870622 27.752116 26.928073
   29.282197 29.372045 29.589576 29.718285 29.413674 28.376091 26.475712 23.801282 20.614055 17.244962 13.995993 11.085879 8.642783 6.717465 5.297573 4.320813 3.690993 3.299796 3.048902 2.864465 2.700674 2.534925 2.360092 2.178023 1.995322 1.820889 1.664020 1.532859 1.433106 1.368253 1.338176 1.338176 1.368253 1.433106 1.532859 1.664020 1.820889 1.995322 2.178023 2.360092 2.534926 2.700674 2.864465 3.048902 3.299796 3.690993 4.320813 5.297574 6.717466 8.642785 11.085881 13.995996 17.244964 20.614057 23.801283 26.475714 28.376092 29.413674 29.718285 29.589576 29.372045
   31.011946 30.925084 30.561414 29.751913 28.376091 26.373381 23.799456 20.830134 17.709025 14.676570 11.918602 9.549727 7.622976 6.144079 5.079658 4.363547 3.907752 3.619451 3.418204 3.246494 3.071196 2.878701 2.668214 2.446323 2.223462 2.011676 1.822599 1.665854 1.547690 1.471561 1.436622 1.436622 1.471561 1.547690 1.665854 1.822599 2.011676 2.223462 2.446323 2.668214 2.878701 3.071196 3.246494 3.418204 3.619451 3.907752 4.363548 5.079658 6.144080 7.622977 9.549728 11.918604 14.676572 17.709027 20.830136 23.799458 26.373382 28.376092 29.751913 30.561415 30.925084
   31.214879 30.989455 30.173102 28.645352 26.475712 23.799456 20.815434 17.755418 14.834445 12.210845 9.972813 8.149884 6.734053 5.693400 4.976204 4.512988 4.223803 4.030994 3.871750 3.704787 3.509777 3.282390 3.028409 2.759283 2.489277 2.233511 2.005976 1.817969 1.676683 1.586034 1.544714 1.544714 1.586034 1.676683 1.817969 2.005976 2.233511 2.489278 2.759283 3.028409 3.282390 3.509777 3.704787 3.871750 4.030994 4.223803 4.512989 4.976205 5.693401 6.734053 8.149885 9.972814 12.210847 14.834447 17.755420 20.815436 23.799458 26.475714 28.645353 30.173102 30.989455
   29.710877 29.402469 28.319913 26.385863 23.801282 20.830134 17.755418 14.829747 12.234460 10.063845 8.336892 7.024699 6.076672 5.433180 5.028099 4.789450 4.644650 4.530017 4.398917 4.225032 4.000188 3.729091 3.424070 3.101405 2.778958 2.474565 2.204324 1.981174 1.813452 1.705921 1.657096 1.657096 1.705921 1.813452 1.981174 2.204324 2.474566 2.778958 3.101406 3.424070 3.729092 4.000188 4.225032 4.398917 4.530017 4.644651 4.789450 5.028099 5.433180 6.076673 7.024700 8.336893 10.063847 12.234462 14.829749 17.755420 20.830135 23.801283 26.385864 28.319913 29.402469
   26.757686 26.423644 25.265511 23.239775 20.614055 17.709025 14.834445 12.234460 10.056923 8.353299 7.102405 6.242811 5.698856 5.393099 5.249407 5.194558 5.162847 5.102886 4.982120 4.787462 4.521747 4.198172 3.835458 3.454525 3.076479 2.721389 2.406958 2.147433 1.952182 1.826965 1.770268 1.770268 1.826965 1.952182 2.147433 2.406958 2.721389 3.076479 3.454525 3.835458 4.198172 4.521747 4.787463 4.982120 5.102886 5.162847 5.194558 5.249407 5.393099 5.698856 6.242812 7.102406 8.353300 10.056925 12.234462 14.834447 17.709027 20.614057 23.239776 25.265512 26.423644
   22.886353 22.572571 21.491539 19.623060 17.244962 14.676570 12.210845 10.063845 8.353299 7.105975 6.283047 5.810046 5.600129 5.566444 5.627441 5.710567 5.756771 5.725340 5.595789 5.366257 5.049192 4.665749 4.240654 3.799173 3.365288 2.960734 2.604149 2.310410 2.089469 1.947799 1.883785 1.883785 1.947799 2.089469 2.310410 2.604149 2.960735 3.365288 3.799174 4.240654 4.665749 5.049192 5.366257 5.595789 5.725340 5.756771 5.710567 5.627441 5.566444 5.600129 5.810046 6.283047 7.105976 8.353300 10.063847 12.210846 14.676572 17.244964 19.623061 21.491540 22.572572
   18.686300 18.421618 17.512932 15.954406 13.995993 11.918602 9.972813 8.336892 7.102405 6.283047 5.835750 5.684812 5.741370 5.915832 6.125774 6.301473 6.390780 6.362517 6.206252 5.929597 5.553240 5.105416 4.616632 4.116091 3.630156 3.181619 2.789186 2.467473 2.226163 2.071689 2.002015 2.002015 2.071689 2.226163 2.467473 2.789186 3.181619 3.630156 4.116092 4.616633 5.105416 5.553240 5.929598 6.206252 6.362517 6.390780 6.301473 6.125774 5.915832 5.741370 5.684812 5.835751 6.283047 7.102406 8.336893 9.972814 11.918604 13.995995 15.954407 17.512933 18.421619
   14.647068 14.444020 13.747759 12.560456 11.085879 9.549727 8.149884 7.024699 6.242811 5.810046 5.684812 5.795630 6.056940 6.381398 6.689510 6.916683 7.018173 6.971091 6.773449 6.440967 6.001440 5.489424 4.940620 4.387811 3.859193 3.377780 2.961373 2.623127 2.371129 2.210531 2.138257 2.138257 2.210531 2.371129 2.623127 2.961373 3.377780 3.859194 4.387812 4.940621 5.489425 6.001441 6.440967 6.773449 6.971091 7.018173 6.916683 6.689510 6.381398 6.056940 5.795630 5.684812 5.810046 6.242812 7.024700 8.149885 9.549728 11.085880 12.560457 13.747760 14.444020
   11.095721 10.954133 10.469136 9.647633 8.642783 7.622976 6.734053 6.076672 5.698856 5.600129 5.741370 6.056940 6.467239 6.890543 7.253143 7.497166 7.585384 7.502469 7.253887 6.861930 6.360811 5.791012 5.192625 4.601544 4.047156 3.551739 3.130940 2.794757 2.547758 2.391833 2.321899 2.321899 2.391834 2.547758 2.794757 3.130940 3.551739 4.047156 4.601544 5.192625 5.791012 6.360812 6.861930 7.253887 7.502469 7.585384 7.497165 7.253143 6.890542 6.467239 6.056940 5.741369 5.600129 5.698856 6.076673 6.734053 7.622977 8.642784 9.647634 10.469137 10.954133
   8.200305 8.113140 7.814153 7.313168 6.717465 6.144079 5.693400 5.433180 5.393099 5.566444 5.915832 6.381398 6.890543 7.368755 7.749891 7.983555 8.039798 7.910188 7.606496 7.157372 6.602799 5.988646 5.359379 4.753289 4.200220 3.720519 3.325881 3.020692 2.803138 2.668711 2.608739 2.608739 2.668711 2.803138 3.020692 3.325882 3.720519 4.200221 4.753290 5.359380 5.988647 6.602799 7.157372 7.606496 7.910189 8.039798 7.983555 7.749891 7.368754 6.890542 6.381398 5.915832 5.566444 5.393099 5.433180 5.693401 6.144080 6.717465 7.313168 7.814153 8.113140
   6.003483 5.960087 5.810483 5.566338 5.297573 5.079658 4.976204 5.028099 5.249407 5.627441 6.125774 6.689510 7.253143 7.749891 8.121374 8.324839 8.337270 8.156242 7.799394 7.301562 6.708582 6.071810 5.439954 4.853475 4.341807 3.921758 3.598596 3.367442 3.215741 3.127870 3.089220 3.089220 3.127870 3.215741 3.367442 3.598596 3.921758 4.341808 4.853475 5.439955 6.071811 6.708582 7.301562 7.799394 8.156242 8.337270 8.324839 8.121374 7.749891 7.253143 6.689510 6.125774 5.627441 5.249407 5.028099 4.976205 5.079658 5.297574 5.566338 5.810483 5.960087
   4.453788 4.442719 4.403516 4.348926 4.320813 4.363547 4.512988 4.789450 5.194558 5.710567 6.301473 6.916683 7.497166 7.983555 8.324839 8.485126 8.447924 8.216676 7.814844 7.283325 6.674678 6.046095 5.450741 4.931373 4.516090 4.216372 4.027620 3.930549 3.895645 3.889393 3.887891 3.887891 3.889393 3.895645 3.930549 4.027620 4.216372 4.516091 4.931373 5.450742 6.046096 6.674678 7.283325 7.814845 8.216676 8.447924 8.485126 8.324839 7.983555 7.497165 6.916683 6.301472 5.710567 5.194558 4.789450 4.512988 4.363547 4.320813 4.348926 4.403516 4.442719
   3.437298 3.448164 3.483732 3.557200 3.690993 3.907752 4.223803 4.644650 5.162847 5.756771 6.390780 7.018173 7.585384 8.039798 8.337270 8.447924 8.361214 8.086695 7.654091 7.111021 6.517399 5.936920 5.428047 5.035887 4.786637 4.684283 4.710137 4.823962 4.971218 5.091689 5.147702 5.147702 5.091689 4.971218 4.823962 4.710137 4.684283 4.786637 5.035887 5.428047 5.936920 6.517399 7.111021 7.654091 8.086695 8.361214 8.447924 8.337270 8.039798 7.585384 7.018173 6.390779 5.756771 5.162847 4.644650 4.223803 3.907752 3.690992 3.557200 3.483732 3.448164
   2.811784 2.836092 2.917333 3.068597 3.299796 3.619451 4.030994 4.530017 5.102886 5.725340 6.362517 6.971091 7.502469 7.910188 8.156242 8.216676 8.086695 7.782072 7.339707 6.814629 6.274452 5.790291 5.426547 5.231139 5.228190 5.411992 5.745153 6.158877 6.564128 6.863639 7.000790 7.000790 6.863639 6.564128 6.158877 5.745153 5.411992 5.228190 5.231139 5.426547 5.790291 6.274453 6.814629 7.339707 7.782073 8.086695 8.216676 8.156242 7.910188 7.502469 6.971091 6.362517 5.725339 5.102886 4.530016 4.030994 3.619451 3.299796 3.068597 2.917332 2.836092
   2.440029 2.471443 2.576714 2.768397 3.048902 3.418204 3.871750 4.398917 4.982120 5.595789 6.206252 6.773449 7.253887 7.606496 7.799394 7.814844 7.654091 7.339707 6.915970 6.445770 6.004422 5.670457 5.514812 5.589102 5.915519 6.477019 7.212960 8.018142 8.759229 9.291295 9.533833 9.533833 9.291295 8.759228 8.018141 7.212960 6.477019 5.915519 5.589102 5.514812 5.670457 6.004422 6.445771 6.915970 7.339707 7.654091 7.814844 7.799393 7.606496 7.253887 6.773448 6.206251 5.595789 4.982120 4.398917 3.871749 3.418203 3.048901 2.768397 2.576714 2.471443
   2.213156 2.247279 2.361612 2.567891 2.864465 3.246494 3.704787 4.225032 4.787462 5.366257 5.929597 6.440967 6.861930 7.157372 7.301562 7.283325 7.111021 6.814629 6.445770 6.074303 5.782293 5.654829 5.769415 6.182173 6.914005 7.935427 9.158546 10.434750 11.578145 12.387850 12.755645 12.755645 12.387849 11.578144 10.434749 9.158545 7.935426 6.914005 6.182173 5.769415 5.654829 5.782294 6.074303 6.445771 6.814629 7.111021 7.283325 7.301561 7.157372 6.861930 6.440966 5.929597 5.366257 4.787462 4.225032 3.704786 3.246493 2.864465 2.567891 2.361612 2.247279
   2.058329 2.092268 2.205852 2.409822 2.700674 3.071196 3.509777 4.000188 4.521747 5.049192 5.553240 6.001440 6.360811 6.602799 6.708582 6.674678 6.517399 6.274452 6.004422 5.782293 5.694303 5.829932 6.272062 7.081243 8.277094 9.816309 11.580822 13.374379 14.954936 16.063989 16.566200 16.566200 16.063989 14.954935 13.374378 11.580821 9.816308 8.277093 7.081242 6.272062 5.829932 5.694303 5.782294 6.004422 6.274453 6.517399 6.674678 6.708582 6.602799 6.360811 6.001440 5.553239 5.049192 4.521746 4.000187 3.509776 3.071196 2.700673 2.409822 2.205852 2.092268
   1.934038 1.965939 2.072550 2.263551 2.534925 2.878701 3.282390 3.729091 4.198172 4.665749 5.105416 5.489424 5.791012 5.988646 6.071810 6.046095 5.936920 5.790291 5.670457 5.654829 5.829932 6.285500 7.106282 8.354266 10.044790 12.117727 14.422917 16.718298 18.712158 20.098579 20.723874 20.723873 20.098579 18.712157 16.718297 14.422916 12.117726 10.044788 8.354265 7.106282 6.285500 5.829932 5.654829 5.670457 5.790291 5.936920 6.046095 6.071810 5.988646 5.791012 5.489424 5.105416 4.665748 4.198172 3.729091 3.282390 2.878701 2.534925 2.263551 2.072550 1.965939
   1.819891 1.848666 1.944623 2.116332 2.360092 2.668214 3.028409 3.424070 3.835458 4.240654 4.616632 4.940620 5.192625 5.359379 5.439954 5.450741 5.428047 5.426547 5.514812 5.769415 6.272062 7.106282 8.350973 10.060612 12.237208 14.797409 17.559195 20.246258 22.539665 24.115147 24.820675 24.820675 24.115146 22.539663 20.246256 17.559194 14.797407 12.237206 10.060611 8.350972 7.106282 6.272062 5.769415 5.514812 5.426547 5.428047 5.450741 5.439954 5.359379 5.192625 4.940620 4.616632 4.240653 3.835457 3.424070 3.028408 2.668213 2.360092 2.116332 1.944623 1.848666
   1.707603 1.732747 1.816333 1.965750 2.178023 2.446323 2.759283 3.101405 3.454525 3.799173 4.116091 4.387811 4.601544 4.753289 4.853475 4.931373 5.035887 5.231139 5.589102 6.182173 7.081243 8.354266 10.060612 12.230157 14.834031 17.755170 20.784170 23.635616 26.005234 27.601801 28.308295 28.308295 27.601801 26.005233 23.635615 20.784168 17.755168 14.834030 12.230156 10.060611 8.354265 7.081242 6.182173 5.589102 5.231139 5.035887 4.931373 4.853475 4.753289 4.601544 4.387811 4.116091 3.799173 3.454525 3.101405 2.759283 2.446322 2.178023 1.965750 1.816333 1.732747
   1.595432 1.616905 1.687996 1.814895 1.995322 2.223462 2.489277 2.778958 3.076479 3.365288 3.630156 3.859193 4.047156 4.200220 4.341807 4.516090 4.786637 5.228190 5.915519 6.914005 8.277094 10.044790 12.237208 14.834031 17.750607 20.823637 23.826764 26.504621 28.628185 30.008267 30.603945 30.603945 30.008266 28.628184 26.504620 23.826763 20.823635 17.750605 14.834030 12.237206 10.044788 8.277093 6.914004 5.915519 5.228190 4.786637 4.516090 4.341807 4.200220 4.047156 3.859193 3.630156 3.365288 3.076479 2.778958 2.489277 2.223462 1.995321 1.814895 1.687996 1.616905
   1.485411 1.503583 1.563406 1.669811 1.820889 2.011676 2.233511 2.474565 2.721389 2.960734 3.181619 3.377780 3.551739 3.720519 3.921758 4.216372 4.684283 5.411992 6.477019 7.935427 9.816309 12.117727 14.797409 17.755170 20.823637 23.782686 26.406125 28.516799 30.028869 30.927768 31.289328 31.289328 30.927768 30.028868 28.516798 26.406123 23.782684 20.823635 17.755168 14.797407 12.117726 9.816308 7.935426 6.477018 5.411992 4.684283 4.216372 3.921758 3.720519 3.551738 3.377780 3.181619 2.960734 2.721389 2.474565 2.233511 2.011676 1.820889 1.669811 1.563406 1.503583
   1.382025 1.397556 1.448245 1.537726 1.664020 1.822599 2.005976 2.204324 2.406958 2.604149 2.789186 2.961373 3.130940 3.325881 3.598596 4.027620 4.710137 5.745153 7.212960 9.158546 11.580822 14.422917 17.559195 20.784170 23.826764 26.406125 28.317686 29.508471 30.092055 30.284725 30.308354 30.308354 30.284725 30.092055 29.508470 28.317685 26.406124 23.826763 20.784168 17.559193 14.422916 11.580821 9.158544 7.212959 5.745153 4.710136 4.027619 3.598596 3.325881 3.130940 2.961373 2.789186 2.604149 2.406958 2.204324 2.005976 1.822599 1.664020 1.537726 1.448245 1.397556
   1.291140 1.304778 1.348822 1.425666 1.532859 1.665854 1.817969 1.981174 2.147433 2.310410 2.467473 2.623127 2.794757 3.020692 3.367442 3.930549 4.823962 6.158877 8.018142 10.434750 13.374379 16.718298 20.246258 23.635616 26.504621 28.516799 29.508471 29.577696 29.064595 28.438596 28.074054 28.074054 28.438596 29.064596 29.577696 29.508470 28.516798 26.504620 23.635614 20.246256 16.718296 13.374377 10.434748 8.018141 6.158876 4.823961 3.930548 3.367442 3.020692 2.794757 2.623127 2.467473 2.310410 2.147433 1.981174 1.817969 1.665854 1.532859 1.425666 1.348822 1.304778
   1.218571 1.231002 1.270751 1.339175 1.433106 1.547690 1.676683 1.813452 1.952182 2.089469 2.226163 2.371129 2.547758 2.803138 3.215741 3.895645 4.971218 6.564128 8.759229 11.578145 14.954936 18.712158 22.539665 26.005234 28.628185 30.028869 30.092055 29.064595 27.499895 26.097799 25.367057 25.367057 26.097799 27.499896 29.064596 30.092055 30.028869 28.628183 26.005232 22.539662 18.712155 14.954933 11.578143 8.759227 6.564127 4.971217 3.895644 3.215741 2.803138 2.547758 2.371129 2.226162 2.089469 1.952182 1.813451 1.676683 1.547690 1.433106 1.339175 1.270751 1.231002
   1.169380 1.181153 1.218535 1.282170 1.368253 1.471561 1.586034 1.705921 1.826965 1.947799 2.071689 2.210531 2.391833 2.668711 3.127870 3.889393 5.091689 6.863639 9.291295 12.387850 16.063989 20.098579 24.115147 27.601801 30.008267 30.927768 30.284725 28.438596 26.097799 24.125440 23.125214 23.125214 24.125441 26.097800 28.438597 30.284726 30.927768 30.008266 27.601799 24.115145 20.098577 16.063987 12.387847 9.291294 6.863638 5.091688 3.889393 3.127870 2.668710 2.391833 2.210531 2.071689 1.947799 1.826965 1.705921 1.586034 1.471561 1.368253 1.282170 1.218535 1.181153
   1.145800 1.157318 1.193748 1.255403 1.338176 1.436622 1.544714 1.657096 1.770268 1.883785 2.002015 2.138257 2.321899 2.608739 3.089220 3.887891 5.147702 7.000790 9.533833 12.755645 16.566200 20.723874 24.820675 28.308295 30.603945 31.289328 30.308354 28.074054 25.367057 23.125214 21.997098 21.997098 23.125215 25.367058 28.074055 30.308355 31.289328 30.603944 28.308293 24.820673 20.723871 16.566198 12.755643 9.533831 7.000788 5.147701 3.887890 3.089220 2.608739 2.321899 2.138257 2.002015 1.883785 1.770268 1.657096 1.544714 1.436622 1.338176 1.255403 1.193748 1.157318
   1.145800 1.157318 1.193748 1.255403 1.338176 1.436622 1.544714 1.657096 1.770268 1.883785 2.002015 2.138257 2.321899 2.608739 3.089220 3.887891 5.147702 7.000790 9.533833 12.755645 16.566200 20.723873 24.820675 28.308295 30.603945 31.289328 30.308354 28.074054 25.367057 23.125214 21.997098 21.997098 23.125215 25.367059 28.074055 30.308355 31.289328 30.603944 28.308293 24.820673 20.723871 16.566198 12.755643 9.533831 7.000788 5.147701 3.887890 3.089220 2.608739 2.321899 2.138257 2.002015 1.883785 1.770268 1.657096 1.544714 1.436622 1.338176 1.255403 1.193748 1.157318
   1.169380 1.181153 1.218535 1.282170 1.368253 1.471561 1.586034 1.705921 1.826965 1.947799 2.071689 2.210531 2.391834 2.668711 3.127870 3.889393 5.091689 6.863639 9.291295 12.387849 16.063989 20.098579 24.115146 27.601801 30.008266 30.927768 30.284725 28.438596 26.097799 24.125441 23.125215 23.125215 24.125442 26.097801 28.438598 30.284726 30.927768 30.008265 27.601799 24.115144 20.098576 16.063986 12.387847 9.291293 6.863638 5.091688 3.889393 3.127870 2.668711 2.391833 2.210531 2.071689 1.947799 1.826965 1.705921 1.586034 1.471561 1.368253 1.282170 1.218535 1.181153
   1.218571 1.231002 1.270751 1.339175 1.433106 1.547690 1.676683 1.813452 1.952182 2.089469 2.226163 2.371129 2.547758 2.803138 3.215741 3.895645 4.971218 6.564128 8.759228 11.578144 14.954935 18.712157 22.539663 26.005233 28.628184 30.028868 30.092055 29.064596 27.499896 26.097800 25.367058 25.367059 26.097801 27.499897 29.064597 30.092055 30.028868 28.628182 26.005231 22.539661 18.712154 14.954933 11.578142 8.759227 6.564127 4.971217 3.895644 3.215741 2.803138 2.547758 2.371129 2.226163 2.089469 1.952182 1.813452 1.676683 1.547690 1.433106 1.339175 1.270751 1.231002
   1.291140 1.304778 1.348822 1.425666 1.532859 1.665854 1.817969 1.981174 2.147433 2.310410 2.467473 2.623127 2.794757 3.020692 3.367442 3.930549 4.823962 6.158877 8.018141 10.434749 13.374378 16.718297 20.246256 23.635615 26.504620 28.516798 29.508470 29.577696 29.064596 28.438597 28.074055 28.074055 28.438598 29.064597 29.577697 29.508470 28.516797 26.504618 23.635613 20.246254 16.718294 13.374376 10.434748 8.018140 6.158876 4.823961 3.930548 3.367442 3.020692 2.794757 2.623127 2.467473 2.310410 2.147433 1.981174 1.817969 1.665854 1.532859 1.425666 1.348822 1.304778
   1.382025 1.397556 1.448245 1.537726 1.664020 1.822599 2.005976 2.204324 2.406958 2.604149 2.789186 2.961373 3.130940 3.325882 3.598596 4.027620 4.710137 5.745153 7.212960 9.158545 11.580821 14.422916 17.559194 20.784168 23.826763 26.406123 28.317685 29.508470 30.092055 30.284726 30.308355 30.308355 30.284726 30.092055 29.508470 28.317684 26.406122 23.826761 20.784166 17.559192 14.422914 11.580820 9.158543 7.212958 5.745152 4.710136 4.027620 3.598596 3.325881 3.130940 2.961373 2.789186 2.604149 2.406958 2.204324 2.005976 1.822599 1.664020 1.537726 1.448245 1.397556
   1.485411 1.503583 1.563406 1.669811 1.820889 2.011676 2.233511 2.474566 2.721389 2.960735 3.181619 3.377780 3.551739 3.720519 3.921758 4.216372 4.684283 5.411992 6.477019 7.935426 9.816308 12.117726 14.797407 17.755168 20.823635 23.782684 26.406124 28.516798 30.028869 30.927768 31.289328 31.289328 30.927768 30.028868 28.516797 26.406122 23.782682 20.823633 17.755166 14.797406 12.117724 9.816307 7.935425 6.477018 5.411991 4.684282 4.216372 3.921758 3.720519 3.551739 3.377780 3.181619 2.960735 2.721389 2.474565 2.233511 2.011676 1.820889 1.669811 1.563406 1.503583
   1.595432 1.616905 1.687996 1.814895 1.995322 2.223462 2.489278 2.778958 3.076479 3.365288 3.630156 3.859194 4.047156 4.200221 4.341808 4.516091 4.786637 5.228190 5.915519 6.914005 8.277093 10.044788 12.237206 14.834030 17.750605 20.823635 23.826763 26.504620 28.628183 30.008266 30.603944 30.603944 30.008265 28.628182 26.504618 23.826761 20.823633 17.750603 14.834028 12.237205 10.044787 8.277092 6.914004 5.915518 5.228190 4.786637 4.516091 4.341808 4.200221 4.047156 3.859194 3.630156 3.365288 3.076479 2.778958 2.489277 2.223462 1.995322 1.814895 1.687996 1.616905
   1.707603 1.732747 1.816333 1.965751 2.178023 2.446323 2.759283 3.101406 3.454525 3.799174 4.116092 4.387812 4.601544 4.753290 4.853475 4.931373 5.035887 5.231139 5.589102 6.182173 7.081242 8.354265 10.060611 12.230156 14.834030 17.755168 20.784168 23.635614 26.005232 27.601799 28.308293 28.308293 27.601799 26.005231 23.635613 20.784166 17.755166 14.834028 12.230154 10.060610 8.354264 7.081242 6.182172 5.589102 5.231139 5.035887 4.931373 4.853475 4.753290 4.601544 4.387812 4.116092 3.799173 3.454525 3.101405 2.759283 2.446323 2.178023 1.965750 1.816333 1.732747
   1.819891 1.848666 1.944623 2.116332 2.360092 2.668214 3.028409 3.424070 3.835458 4.240654 4.616633 4.940621 5.192625 5.359380 5.439955 5.450742 5.428047 5.426547 5.514812 5.769415 6.272062 7.106282 8.350972 10.060611 12.237206 14.797407 17.559193 20.246256 22.539662 24.115145 24.820673 24.820673 24.115144 22.539661 20.246254 17.559192 14.797406 12.237205 10.060610 8.350971 7.106281 6.272061 5.769415 5.514812 5.426547 5.428047 5.450742 5.439955 5.359379 5.192625 4.940620 4.616632 4.240654 3.835458 3.424070 3.028409 2.668214 2.360092 2.116332 1.944623 1.848666
   1.934038 1.965939 2.072550 2.263551 2.534926 2.878701 3.282390 3.729092 4.198172 4.665749 5.105416 5.489425 5.791012 5.988647 6.071811 6.046096 5.936920 5.790291 5.670457 5.654829 5.829932 6.285500 7.106282 8.354265 10.044788 12.117726 14.422916 16.718296 18.712155 20.098577 20.723871 20.723871 20.098576 18.712154 16.718294 14.422914 12.117724 10.044787 8.354264 7.106281 6.285499 5.829932 5.654829 5.670457 5.790291 5.936920 6.046096 6.071811 5.988646 5.791012 5.489425 5.105416 4.665749 4.198172 3.729091 3.282390 2.878701 2.534925 2.263551 2.072550 1.965939
   2.058329 2.092268 2.205852 2.409822 2.700674 3.071196 3.509777 4.000188 4.521747 5.049192 5.553240 6.001441 6.360812 6.602799 6.708582 6.674678 6.517399 6.274453 6.004422 5.782294 5.694303 5.829932 6.272062 7.081242 8.277093 9.816308 11.580821 13.374377 14.954933 16.063987 16.566198 16.566198 16.063986 14.954933 13.374376 11.580820 9.816307 8.277092 7.081242 6.272061 5.829932 5.694303 5.782294 6.004422 6.274453 6.517399 6.674678 6.708582 6.602799 6.360812 6.001440 5.553240 5.049192 4.521746 4.000188 3.509777 3.071196 2.700673 2.409822 2.205852 2.092268
   2.213156 2.247279 2.361612 2.567891 2.864465 3.246494 3.704787 4.225032 4.787463 5.366257 5.929598 6.440967 6.861930 7.157372 7.301562 7.283325 7.111021 6.814629 6.445771 6.074303 5.782294 5.654829 5.769415 6.182173 6.914004 7.935426 9.158544 10.434748 11.578143 12.387847 12.755643 12.755643 12.387847 11.578142 10.434748 9.158543 7.935425 6.914004 6.182172 5.769415 5.654829 5.782294 6.074304 6.445771 6.814629 7.111021 7.283325 7.301562 7.157372 6.861930 6.440967 5.929597 5.366257 4.787462 4.225032 3.704786 3.246494 2.864465 2.567891 2.361612 2.247279
   2.440029 2.471443 2.576714 2.768397 3.048902 3.418204 3.871750 4.398917 4.982120 5.595789 6.206252 6.773449 7.253887 7.606496 7.799394 7.814845 7.654091 7.339707 6.915970 6.445771 6.004422 5.670457 5.514812 5.589102 5.915519 6.477018 7.212959 8.018141 8.759227 9.291294 9.533831 9.533831 9.291293 8.759227 8.018140 7.212958 6.477018 5.915518 5.589102 5.514812 5.670457 6.004422 6.445771 6.915970 7.339708 7.654091 7.814845 7.799394 7.606496 7.253887 6.773448 6.206252 5.595789 4.982120 4.398917 3.871749 3.418203 3.048902 2.768397 2.576714 2.471443
   2.811784 2.836092 2.917333 3.068597 3.299796 3.619451 4.030994 4.530017 5.102886 5.725340 6.362517 6.971091 7.502469 7.910189 8.156242 8.216676 8.086695 7.782073 7.339707 6.814629 6.274453 5.790291 5.426547 5.231139 5.228190 5.411992 5.745153 6.158876 6.564127 6.863638 7.000788 7.000788 6.863638 6.564127 6.158876 5.745152 5.411991 5.228190 5.231139 5.426547 5.790291 6.274453 6.814629 7.339708 7.782073 8.086695 8.216676 8.156242 7.910188 7.502469 6.971091 6.362517 5.725339 5.102886 4.530016 4.030994 3.619451 3.299796 3.068597 2.917333 2.836092
   3.437298 3.448165 3.483733 3.557201 3.690993 3.907752 4.223803 4.644651 5.162847 5.756771 6.390780 7.018173 7.585384 8.039798 8.337270 8.447924 8.361214 8.086695 7.654091 7.111021 6.517399 5.936920 5.428047 5.035887 4.786637 4.684283 4.710136 4.823961 4.971217 5.091688 5.147701 5.147701 5.091688 4.971217 4.823961 4.710136 4.684282 4.786637 5.035887 5.428047 5.936920 6.517399 7.111021 7.654091 8.086695 8.361214 8.447924 8.337270 8.039798 7.585384 7.018173 6.390779 5.756771 5.162847 4.644650 4.223803 3.907752 3.690993 3.557201 3.483733 3.448165
   4.453788 4.442719 4.403517 4.348926 4.320813 4.363548 4.512989 4.789450 5.194558 5.710567 6.301473 6.916683 7.497165 7.983555 8.324839 8.485126 8.447924 8.216676 7.814844 7.283325 6.674678 6.046095 5.450741 4.931373 4.516090 4.216372 4.027619 3.930548 3.895644 3.889393 3.887890 3.887890 3.889393 3.895644 3.930548 4.027620 4.216372 4.516091 4.931373 5.450742 6.046096 6.674678 7.283325 7.814845 8.216676 8.447924 8.485126 8.324839 7.983554 7.497165 6.916683 6.301472 5.710567 5.194558 4.789450 4.512989 4.363547 4.320813 4.348926 4.403517 4.442719
   6.003485 5.960088 5.810484 5.566339 5.297574 5.079658 4.976205 5.028099 5.249407 5.627441 6.125774 6.689510 7.253143 7.749891 8.121374 8.324839 8.337270 8.156242 7.799393 7.301561 6.708582 6.071810 5.439954 4.853475 4.341807 3.921758 3.598596 3.367442 3.215741 3.127870 3.089220 3.089220 3.127870 3.215741 3.367442 3.598596 3.921758 4.341808 4.853475 5.439955 6.071811 6.708582 7.301562 7.799394 8.156242 8.337270 8.324839 8.121374 7.749890 7.253143 6.689510 6.125773 5.627441 5.249407 5.028099 4.976205 5.079658 5.297574 5.566339 5.810484 5.960088
   8.200306 8.113141 7.814155 7.313169 6.717466 6.144080 5.693401 5.433180 5.393099 5.566444 5.915832 6.381398 6.890542 7.368754 7.749891 7.983555 8.039798 7.910188 7.606496 7.157372 6.602799 5.988646 5.359379 4.753289 4.200220 3.720519 3.325881 3.020692 2.803138 2.668710 2.608739 2.608739 2.668711 2.803138 3.020692 3.325881 3.720519 4.200221 4.753290 5.359379 5.988646 6.602799 7.157372 7.606496 7.910188 8.039798 7.983554 7.749890 7.368754 6.890542 6.381398 5.915832 5.566444 5.393099 5.433180 5.693401 6.144081 6.717466 7.313169 7.814155 8.113141
   11.095723 10.954135 10.469138 9.647635 8.642785 7.622977 6.734053 6.076673 5.698856 5.600129 5.741370 6.056940 6.467239 6.890542 7.253143 7.497165 7.585384 7.502469 7.253887 6.861930 6.360811 5.791012 5.192625 4.601544 4.047156 3.551738 3.130940 2.794757 2.547758 2.391833 2.321899 2.321899 2.391833 2.547758 2.794757 3.130940 3.551739 4.047156 4.601544 5.192625 5.791012 6.360812 6.861930 7.253887 7.502469 7.585384 7.497165 7.253143 6.890542 6.467239 6.056939 5.741369 5.600129 5.698856 6.076673 6.734054 7.622978 8.642785 9.647635 10.469138 10.954135
   14.647071 14.444023 13.747761 12.560458 11.085881 9.549728 8.149885 7.024700 6.242812 5.810046 5.684812 5.795630 6.056940 6.381398 6.689510 6.916683 7.018173 6.971091 6.773448 6.440966 6.001440 5.489424 4.940620 4.387811 3.859193 3.377780 2.961373 2.623127 2.371129 2.210531 2.138257 2.138257 2.210531 2.371129 2.623127 2.961373 3.377780 3.859194 4.387812 4.940620 5.489425 6.001440 6.440967 6.773448 6.971091 7.018173 6.916683 6.689510 6.381398 6.056939 5.795630 5.684812 5.810046 6.242812 7.024701 8.149886 9.549729 11.085882 12.560459 13.747762 14.444023
   18.686302 18.421621 17.512935 15.954409 13.995996 11.918604 9.972814 8.336893 7.102406 6.283047 5.835751 5.684812 5.741369 5.915832 6.125774 6.301472 6.390779 6.362517 6.206251 5.929597 5.553239 5.105416 4.616632 4.116091 3.630156 3.181619 2.789186 2.467473 2.226162 2.071689 2.002015 2.002015 2.071689 2.226163 2.467473 2.789186 3.181619 3.630156 4.116092 4.616632 5.105416 5.553240 5.929597 6.206252 6.362517 6.390779 6.301472 6.125773 5.915832 5.741369 5.684812 5.835751 6.283048 7.102407 8.336893 9.972815 11.918605 13.995997 15.954410 17.512935 18.421621
   22.886356 22.572574 21.491541 19.623062 17.244964 14.676572 12.210847 10.063847 8.353300 7.105976 6.283047 5.810046 5.600129 5.566444 5.627441 5.710567 5.756771 5.725339 5.595789 5.366257 5.049192 4.665748 4.240653 3.799173 3.365288 2.960734 2.604149 2.310410 2.089469 1.947799 1.883785 1.883785 1.947799 2.089469 2.310410 2.604149 2.960735 3.365288 3.799173 4.240654 4.665749 5.049192 5.366257 5.595789 5.725339 5.756771 5.710567 5.627441 5.566444 5.600129 5.810046 6.283048 7.105977 8.353301 10.063848 12.210848 14.676574 17.244966 19.623063 21.491542 22.572574
   26.757689 26.423646 25.265513 23.239777 20.614057 17.709027 14.834447 12.234462 10.056925 8.353300 7.102406 6.242812 5.698856 5.393099 5.249407 5.194558 5.162847 5.102886 4.982120 4.787462 4.521746 4.198172 3.835457 3.454525 3.076479 2.721389 2.406958 2.147433 1.952182 1.826965 1.770268 1.770268 1.826965 1.952182 2.147433 2.406958 2.721389 3.076479 3.454525 3.835458 4.198172 4.521746 4.787462 4.982120 5.102886 5.162847 5.194558 5.249407 5.393099 5.698856 6.242812 7.102407 8.353301 10.056926 12.234463 14.834449 17.709029 20.614059 23.239778 25.265514 26.423647
   29.710878 29.402470 28.319914 26.385865 23.801283 20.830136 17.755420 14.829749 12.234462 10.063847 8.336893 7.024700 6.076673 5.433180 5.028099 4.789450 4.644650 4.530016 4.398917 4.225032 4.000187 3.729091 3.424070 3.101405 2.778958 2.474565 2.204324 1.981174 1.813451 1.705921 1.657096 1.657096 1.705921 1.813452 1.981174 2.204324 2.474565 2.778958 3.101405 3.424070 3.729091 4.000188 4.225032 4.398917 4.530016 4.644650 4.789450 5.028099 5.433180 6.076673 7.024701 8.336893 10.063848 12.234463 14.829750 17.755421 20.830137 23.801285 26.385866 28.319915 29.402470
   31.214880 30.989455 30.173102 28.645353 26.475714 23.799458 20.815436 17.755420 14.834447 12.210846 9.972814 8.149885 6.734053 5.693401 4.976205 4.512988 4.223803 4.030994 3.871749 3.704786 3.509776 3.282390 3.028408 2.759283 2.489277 2.233511 2.005976 1.817969 1.676683 1.586034 1.544714 1.544714 1.586034 1.676683 1.817969 2.005976 2.233511 2.489277 2.759283 3.028409 3.282390 3.509777 3.704786 3.871749 4.030994 4.223803 4.512989 4.976205 5.693401 6.734054 8.149886 9.972815 12.210848 14.834449 17.755421 20.815437 23.799460 26.475715 28.645354 30.173103 30.989456
   31.011945 30.925083 30.561414 29.751913 28.376092 26.373382 23.799458 20.830135 17.709027 14.676572 11.918604 9.549728 7.622977 6.144080 5.079658 4.363547 3.907752 3.619451 3.418203 3.246493 3.071196 2.878701 2.668213 2.446322 2.223462 2.011676 1.822599 1.665854 1.547690 1.471561 1.436622 1.436622 1.471561 1.547690 1.665854 1.822599 2.011676 2.223462 2.446323 2.668214 2.878701 3.071196 3.246494 3.418203 3.619451 3.907752 4.363547 5.079658 6.144081 7.622978 9.549729 11.918605 14.676574 17.709029 20.830137 23.799460 26.373384 28.376093 29.751914 30.561415 30.925084
   29.282196 29.372044 29.589575 29.718285 29.413674 28.376092 26.475714 23.801283 20.614057 17.244964 13.995995 11.085880 8.642784 6.717465 5.297574 4.320813 3.690992 3.299796 3.048901 2.864465 2.700673 2.534925 2.360092 2.178023 1.995321 1.820889 1.664020 1.532859 1.433106 1.368253 1.338176 1.338176 1.368253 1.433106 1.532859 1.664020 1.820889 1.995322 2.178023 2.360092 2.534925 2.700673 2.864465 3.048902 3.299796 3.690993 4.320813 5.297574 6.717466 8.642785 11.085882 13.995997 17.244966 20.614059 23.801285 26.475715 28.376093 29.413675 29.718285 29.589575 29.372044
   26.654654 26.928072 27.752116 28.870622 29.718285 29.751913 28.645353 26.385864 23.239776 19.623061 15.954407 12.560457 9.647634 7.313168 5.566338 4.348926 3.557200 3.068597 2.768397 2.567891 2.409822 2.263551 2.116332 1.965750 1.814895 1.669811 1.537726 1.425666 1.339175 1.282170 1.255403 1.255403 1.282170 1.339175 1.425666 1.537726 1.669811 1.814895 1.965750 2.116332 2.263551 2.409822 2.567891 2.768397 3.068597 3.557201 4.348926 5.566339 7.313169 9.647635 12.560459 15.954410 19.623063 23.239778 26.385866 28.645354 29.751914 29.718285 28.870622 27.752115 26.928072
   24.027736 24.456387 25.793157 27.752116 29.589576 30.561415 30.173102 28.319913 25.265512 21.491540 17.512933 13.747760 10.469137 7.814153 5.810483 4.403516 3.483732 2.917332 2.576714 2.361612 2.205852 2.072550 1.944623 1.816333 1.687996 1.563406 1.448245 1.348822 1.270751 1.218535 1.193748 1.193748 1.218535 1.270751 1.348822 1.448245 1.563406 1.687996 1.816333 1.944623 2.072550 2.205852 2.361612 2.576714 2.917333 3.483733 4.403517 5.810484 7.814155 10.469138 13.747762 17.512935 21.491542 25.265514 28.319915 30.173103 30.561415 29.589575 27.752115 25.793156 24.456386
   22.282444 22.806344 24.456388 26.928073 29.372045 30.925084 30.989455 29.402469 26.423644 22.572572 18.421619 14.444020 10.954133 8.113140 5.960087 4.442719 3.448164 2.836092 2.471443 2.247279 2.092268 1.965939 1.848666 1.732747 1.616905 1.503583 1.397556 1.304778 1.231002 1.181153 1.157318 1.157318 1.181153 1.231002 1.304778 1.397556 1.503583 1.616905 1.732747 1.848666 1.965939 2.092268 2.247279 2.471443 2.836092 3.448165 4.442719 5.960088 8.113141 10.954135 14.444023 18.421621 22.572574 26.423647 29.402470 30.989456 30.925084 29.372044 26.928072 24.456386 22.806343

   22.282445 22.806344 24.456388 26.928074 29.372045 30.925084 30.989455 29.402469 26.423644 22.572571 18.421618 14.444020 10.954133 8.113140 5.960087 4.442719 3.448164 2.836092 2.471443 2.247279 2.092268 1.965939 1.848666 1.732747 1.616905 1.503583 1.397556 1.304778 1.231002 1.181153 1.157318 1.157318 1.181153 1.231002 1.304778 1.397556 1.503583 1.616905 1.732747 1.848666 1.965939 2.092268 2.247279 2.471443 2.836092 3.448165 4.442719 5.960088 8.113141 10.954135 14.444023 18.421621 22.572574 26.423646 29.402470 30.989455 30.925083 29.372044 26.928072 24.456387 22.806344
   22.806344 23.301770 24.859158 27.180304 29.446649 30.829620 30.761561 29.096466 26.094985 22.265655 18.164111 14.247587 10.818429 8.030855 5.920613 4.434814 3.461600 2.862528 2.504672 2.282988 2.127611 1.999095 1.878559 1.758871 1.639217 1.522447 1.413616 1.318789 1.243678 1.193086 1.168955 1.168955 1.193086 1.243678 1.318789 1.413616 1.522447 1.639217 1.758871 1.878559 1.999095 2.127611 2.282988 2.504672 2.862529 3.461600 4.434814 5.920614 8.030856 10.818431 14.247590 18.164114 22.265658 26.094987 29.096467 30.761562 30.829619 29.446648 27.180302 24.859156 23.301769
   24.456388 24.859158 26.112376 27.936444 29.616216 30.439732 29.938837 28.022985 24.955887 21.208334 17.279780 13.573762 10.352915 7.748026 5.784081 4.406150 3.505765 2.950930 2.616045 2.402631 2.245881 2.109877 1.978228 1.845716 1.713110 1.584584 1.466101 1.364125 1.284297 1.231052 1.205837 1.205837 1.231052 1.284297 1.364125 1.466101 1.584584 1.713110 1.845716 1.978228 2.109877 2.245882 2.402631 2.616045 2.950930 3.505765 4.406151 5.784082 7.748028 10.352917 13.573764 17.279783 21.208337 24.955889 28.022986 29.938837 30.439731 29.616214 27.936442 26.112375 24.859157
   26.928074 27.180304 27.936444 28.946847 29.671005 29.592422 28.405697 26.108371 22.965238 19.381715 15.763250 12.424801 9.564349 7.274331 5.562175 4.369674 3.594184 3.114775 2.818501 2.618272 2.458068 2.308129 2.156340 2.000753 1.844850 1.695019 1.558768 1.443337 1.354382 1.295854 1.268433 1.268433 1.295854 1.354382 1.443337 1.558768 1.695019 1.844851 2.000753 2.156340 2.308129 2.458068 2.618272 2.818501 3.114776 3.594185 4.369674 5.562176 7.274332 9.564351 12.424803 15.763252 19.381717 22.965240 26.108373 28.405698 29.592423 29.671005 28.946846 27.936443 27.180303
   29.372045 29.446649 29.616216 29.671005 29.285673 28.180041 26.238660 23.555453 20.388215 17.058828 13.858990 10.999050 8.601407 6.713671 5.322475 4.365797 3.748447 3.363513 3.114183 2.928022 2.760364 2.589447 2.408744 2.220532 2.031730 1.851522 1.689455 1.553918 1.450819 1.383809 1.352775 1.352775 1.383809 1.450819 1.553918 1.689455 1.851522 2.031731 2.220532 2.408745 2.589447 2.760364 2.928022 3.114183 3.363513 3.748448 4.365798 5.322476 6.713673 8.601409 10.999051 13.858992 17.058830 20.388217 23.555455 26.238661 28.180041 29.285673 29.671005 29.616215 29.446649
   30.925084 30.829620 30.439732 29.592422 28.180041 26.154159 23.577810 20.627134 17.541103 14.553003 11.841803 9.516989 7.628453 6.180361 5.138873 4.438158 3.991040 3.705824 3.503330 3.327291 3.145697 2.945836 2.727563 2.497912 2.267582 2.048804 1.853397 1.691202 1.568740 1.489761 1.453528 1.453528 1.489761 1.568740 1.691202 1.853397 2.048804 2.267583 2.497912 2.727563 2.945837 3.145698 3.327291 3.503330 3.705824 3.991040 4.438158 5.138874 6.180362 7.628454 9.516991 11.841805 14.553005 17.541105 20.627136 23.577812 26.154160 28.180041 29.592423 30.439732 30.829620
   30.989455 30.761561 29.938837 28.405697 26.238660 23.577810 20.623029 17.603201 14.728263 12.151364 9.956976 8.172495 6.788749 5.773309 5.074355 4.622616 4.338679 4.145743 3.982059 3.807520 3.602982 3.365166 3.100673 2.821508 2.542206 2.277971 2.042857 1.848302 1.701773 1.607591 1.564652 1.564652 1.607591 1.701773 1.848302 2.042857 2.277971 2.542206 2.821508 3.100673 3.365166 3.602982 3.807520 3.982059 4.145743 4.338679 4.622616 5.074355 5.773310 6.788750 8.172496 9.956977 12.151366 14.728265 17.603203 20.623031 23.577812 26.238661 28.405698 29.938837 30.761561
