CRYSTAL
PRIMVEC
 4.86330350000000 0.00000000000000 0.00000000000000
 0.00000000000000 4.86330350000000 0.00000000000000
 0.00000000000000 0.00000000000000 4.86330350000000
PRIMCOORD
 12 1
 58     0.00000000000000     0.00000000000000     0.00000000000000
 58     0.00000000000000     2.43165170000000     2.43165170000000
 58     2.43165170000000     0.00000000000000     2.43165170000000
 58     2.43165170000000     2.43165170000000     0.00000000000000
  8     1.21582590000000     3.64747760000000     3.64747760000000
  8     3.64747760000000     1.21582590000000     1.21582590000000
  8     1.21582590000000     1.21582590000000     1.21582590000000
  8     3.64747760000000     3.64747760000000     3.64747760000000
  8     3.64747760000000     3.64747760000000     1.21582590000000
  8     1.21582590000000     1.21582590000000     3.64747760000000
  8     3.64747760000000     1.21582590000000     3.64747760000000
  8     1.21582590000000     3.64747760000000     1.21582590000000
BEGIN_BLOCK_DATAGRID_3D
 data
 BEGIN_DATAGRID_3Dgrid#1
  61 61 61
  0.000000 0.000000 0.000000
  4.863303 0.000000 0.000000
  0.000000 4.863303 0.000000
  0.000000 0.000000 4.863303
   0.188951 0.212246 0.291943 0.437674 0.615900 0.761721 0.847563 0.885150 0.889544 0.864826 0.804112 0.695625 0.539677 0.369035 0.232151 0.149035 0.109416 0.097790 0.104389 0.123542 0.150358 0.179972 0.208041 0.230841 0.245603 0.251320 0.249135 0.241805 0.232719 0.224653 0.219340 0.219340 0.224653 0.232719 0.241805 0.249135 0.251320 0.245603 0.230841 0.208041 0.179972 0.150358 0.123542 0.104389 0.097790 0.109416 0.149035 0.232151 0.369035 0.539677 0.695625 0.804112 0.864826 0.889544 0.885150 0.847563 0.761721 0.615900 0.437674 0.291943 0.212246
   0.212246 0.236439 0.317174 0.460114 0.630157 0.767319 0.847839 0.882618 0.885026 0.858094 0.794656 0.683694 0.527533 0.360085 0.227654 0.147866 0.110196 0.099794 0.107327 0.127165 0.154289 0.183791 0.211455 0.233834 0.248396 0.254218 0.252311 0.245200 0.236128 0.227958 0.222476 0.222476 0.227958 0.236128 0.245200 0.252311 0.254218 0.248396 0.233834 0.211455 0.183791 0.154289 0.127165 0.107327 0.099794 0.110196 0.147866 0.227654 0.360085 0.527533 0.683694 0.794656 0.858094 0.885026 0.882618 0.847839 0.767319 0.630157 0.460114 0.317174 0.236439
   0.291943 0.317174 0.395867 0.523247 0.664823 0.775960 0.841070 0.867294 0.862752 0.827535 0.754267 0.635700 0.481340 0.327114 0.210916 0.142811 0.111972 0.105880 0.116638 0.138760 0.166863 0.195940 0.222180 0.242904 0.256298 0.261740 0.259984 0.253019 0.243732 0.235081 0.229290 0.229290 0.235081 0.243732 0.253019 0.259984 0.261740 0.256298 0.242904 0.222180 0.195940 0.166863 0.138760 0.116638 0.105880 0.111972 0.142811 0.210916 0.327114 0.481340 0.635700 0.754267 0.827535 0.862752 0.867294 0.841070 0.775960 0.664823 0.523247 0.395867 0.317174
   0.437674 0.460114 0.523247 0.614265 0.708519 0.780427 0.820698 0.830485 0.810951 0.758943 0.669220 0.543300 0.400436 0.273290 0.184569 0.135342 0.115967 0.117614 0.134275 0.160414 0.190040 0.218118 0.241536 0.258743 0.269070 0.272582 0.270006 0.262804 0.253292 0.244332 0.238290 0.238290 0.244332 0.253292 0.262804 0.270006 0.272582 0.269070 0.258743 0.241536 0.218118 0.190040 0.160414 0.134275 0.117614 0.115967 0.135342 0.184569 0.273290 0.400436 0.543300 0.669220 0.758943 0.810951 0.830485 0.820698 0.780427 0.708519 0.614265 0.523247 0.460114
   0.615900 0.630157 0.664823 0.708519 0.750537 0.778469 0.785542 0.768142 0.722946 0.647219 0.542922 0.422129 0.306518 0.216232 0.158809 0.130699 0.125371 0.137593 0.162517 0.193928 0.225177 0.251487 0.270670 0.282391 0.287236 0.286270 0.280682 0.271862 0.261725 0.252651 0.246713 0.246713 0.252651 0.261725 0.271862 0.280682 0.286270 0.287236 0.282391 0.270670 0.251487 0.225177 0.193928 0.162517 0.137593 0.125371 0.130699 0.158809 0.216232 0.306519 0.422129 0.542923 0.647219 0.722946 0.768142 0.785542 0.778469 0.750537 0.708519 0.664823 0.630157
   0.761721 0.767319 0.775960 0.780427 0.778469 0.763813 0.730896 0.675685 0.597398 0.500798 0.396865 0.299896 0.222052 0.169050 0.140299 0.132523 0.142627 0.167484 0.201924 0.238579 0.270590 0.293943 0.307478 0.311913 0.309002 0.300970 0.289967 0.277925 0.266585 0.257577 0.251953 0.251953 0.257577 0.266585 0.277925 0.289967 0.300970 0.309002 0.311913 0.307478 0.293943 0.270590 0.238579 0.201924 0.167484 0.142627 0.132523 0.140299 0.169050 0.222052 0.299896 0.396865 0.500798 0.597398 0.675685 0.730896 0.763813 0.778469 0.780427 0.775960 0.767319
   0.847563 0.847839 0.841070 0.820698 0.785542 0.730896 0.653928 0.557524 0.452019 0.351424 0.266813 0.203176 0.160806 0.137868 0.132408 0.143264 0.169297 0.207198 0.250255 0.290366 0.321399 0.340552 0.347551 0.343777 0.331766 0.314806 0.296266 0.279083 0.265223 0.255609 0.250221 0.250221 0.255609 0.265223 0.279083 0.296266 0.314807 0.331766 0.343777 0.347551 0.340552 0.321399 0.290366 0.250255 0.207198 0.169297 0.143264 0.132408 0.137868 0.160806 0.203176 0.266813 0.351424 0.452019 0.557524 0.653928 0.730896 0.785542 0.820698 0.841070 0.847839
   0.885150 0.882618 0.867294 0.830485 0.768142 0.675685 0.557524 0.431123 0.318612 0.233146 0.175662 0.141184 0.124699 0.123380 0.136564 0.164393 0.205314 0.253968 0.302188 0.342499 0.370384 0.384302 0.384541 0.372627 0.351407 0.324977 0.297965 0.274466 0.256904 0.245821 0.240133 0.240133 0.245821 0.256904 0.274466 0.297965 0.324977 0.351407 0.372627 0.384541 0.384302 0.370384 0.342499 0.302188 0.253968 0.205314 0.164393 0.136564 0.123380 0.124699 0.141184 0.175662 0.233146 0.318612 0.431123 0.557524 0.675685 0.768142 0.830485 0.867294 0.882618
   0.889544 0.885026 0.862752 0.810951 0.722946 0.597398 0.452019 0.318612 0.219602 0.157232 0.123119 0.108884 0.109819 0.124606 0.153617 0.196322 0.248729 0.303227 0.351692 0.388587 0.411340 0.419347 0.413043 0.393747 0.364159 0.328833 0.293428 0.263155 0.241029 0.227505 0.221038 0.221038 0.227505 0.241029 0.263155 0.293428 0.328833 0.364159 0.393747 0.413043 0.419347 0.411340 0.388587 0.351692 0.303227 0.248729 0.196322 0.153617 0.124606 0.109819 0.108884 0.123119 0.157232 0.219602 0.318612 0.452019 0.597398 0.722946 0.810951 0.862752 0.885026
   0.864826 0.858094 0.827535 0.758943 0.647219 0.500798 0.351424 0.233146 0.157232 0.116100 0.098809 0.098445 0.112528 0.141070 0.183855 0.237763 0.295937 0.350157 0.394112 0.424574 0.440568 0.442066 0.429342 0.403354 0.366547 0.323661 0.281140 0.245042 0.218789 0.202858 0.195399 0.195399 0.202858 0.218789 0.245042 0.281140 0.323661 0.366547 0.403354 0.429342 0.442066 0.440568 0.424574 0.394112 0.350157 0.295937 0.237763 0.183855 0.141070 0.112528 0.098445 0.098809 0.116100 0.157232 0.233146 0.351424 0.500798 0.647219 0.758943 0.827535 0.858094
   0.804112 0.794656 0.754267 0.669220 0.542922 0.396865 0.266813 0.175662 0.123119 0.098809 0.094125 0.105195 0.131396 0.172528 0.225913 0.285280 0.342573 0.391049 0.426925 0.448878 0.456876 0.451126 0.431789 0.399511 0.356561 0.307866 0.260331 0.220408 0.191559 0.174078 0.166030 0.166030 0.174078 0.191559 0.220408 0.260331 0.307866 0.356561 0.399511 0.431789 0.451126 0.456876 0.448878 0.426925 0.391049 0.342573 0.285280 0.225913 0.172528 0.131396 0.105195 0.094125 0.098809 0.123119 0.175662 0.266813 0.396865 0.542923 0.669220 0.754267 0.794656
   0.695625 0.683694 0.635700 0.543300 0.422129 0.299896 0.203176 0.141184 0.108884 0.098445 0.105195 0.127825 0.165942 0.217195 0.275782 0.333821 0.384432 0.423379 0.448940 0.460970 0.459929 0.446072 0.419589 0.381177 0.333246 0.281015 0.231560 0.191055 0.162338 0.145150 0.137284 0.137284 0.145150 0.162338 0.191055 0.231560 0.281015 0.333246 0.381177 0.419589 0.446072 0.459929 0.460970 0.448940 0.423379 0.384432 0.333821 0.275782 0.217195 0.165942 0.127825 0.105195 0.098445 0.108884 0.141184 0.203176 0.299896 0.422129 0.543300 0.635700 0.683694
   0.539677 0.527533 0.481340 0.400436 0.306518 0.222052 0.160806 0.124699 0.109819 0.112528 0.131396 0.165942 0.214030 0.270341 0.327351 0.378066 0.418043 0.445334 0.459443 0.460650 0.449614 0.426816 0.392744 0.348652 0.297620 0.245146 0.197854 0.160704 0.135224 0.120280 0.113492 0.113492 0.120280 0.135224 0.160704 0.197854 0.245146 0.297620 0.348652 0.392744 0.426816 0.449614 0.460650 0.459443 0.445334 0.418043 0.378066 0.327351 0.270341 0.214030 0.165942 0.131396 0.112528 0.109819 0.124699 0.160806 0.222052 0.306519 0.400436 0.481340 0.527533
   0.369035 0.360085 0.327114 0.273290 0.216232 0.169050 0.137868 0.123380 0.124606 0.141070 0.172528 0.217195 0.270341 0.324982 0.374370 0.413851 0.441188 0.455796 0.457705 0.447385 0.425585 0.393318 0.352007 0.303980 0.253276 0.205266 0.165040 0.135312 0.115918 0.104907 0.099863 0.099863 0.104907 0.115918 0.135312 0.165040 0.205266 0.253276 0.303980 0.352007 0.393318 0.425585 0.447385 0.457705 0.455796 0.441188 0.413851 0.374370 0.324982 0.270341 0.217195 0.172528 0.141070 0.124606 0.123380 0.137868 0.169050 0.216232 0.273290 0.327114 0.360085
   0.232151 0.227654 0.210916 0.184569 0.158809 0.140299 0.132408 0.136564 0.153617 0.183855 0.225913 0.275782 0.327351 0.374370 0.412278 0.438622 0.452559 0.454012 0.443160 0.420732 0.387925 0.346791 0.300346 0.252354 0.207269 0.169106 0.140315 0.121062 0.109806 0.103989 0.101209 0.101209 0.103989 0.109806 0.121062 0.140315 0.169106 0.207269 0.252354 0.300346 0.346791 0.387925 0.420732 0.443160 0.454012 0.452559 0.438622 0.412278 0.374370 0.327351 0.275782 0.225913 0.183855 0.153617 0.136564 0.132408 0.140299 0.158809 0.184569 0.210916 0.227654
   0.149035 0.147866 0.142811 0.135342 0.130699 0.132523 0.143264 0.164393 0.196322 0.237763 0.285280 0.333821 0.378066 0.413851 0.438622 0.451287 0.451613 0.439627 0.415677 0.381017 0.338088 0.290705 0.243651 0.201520 0.167730 0.143781 0.129513 0.123341 0.122840 0.124405 0.124899 0.124899 0.124405 0.122840 0.123341 0.129513 0.143781 0.167730 0.201520 0.243651 0.290705 0.338088 0.381017 0.415677 0.439627 0.451613 0.451287 0.438622 0.413851 0.378066 0.333821 0.285280 0.237763 0.196322 0.164393 0.143264 0.132523 0.130699 0.135342 0.142811 0.147866
   0.109416 0.110196 0.111972 0.115967 0.125371 0.142627 0.169297 0.205314 0.248729 0.295937 0.342573 0.384432 0.418043 0.441188 0.452559 0.451613 0.438274 0.412684 0.375808 0.330154 0.280172 0.231666 0.190242 0.159535 0.140827 0.133634 0.136737 0.147936 0.163656 0.177437 0.183513 0.183513 0.177437 0.163656 0.147936 0.136737 0.133634 0.140827 0.159535 0.190242 0.231666 0.280172 0.330154 0.375808 0.412684 0.438274 0.451613 0.452559 0.441188 0.418043 0.384432 0.342573 0.295937 0.248729 0.205314 0.169297 0.142627 0.125371 0.115967 0.111972 0.110196
   0.097790 0.099794 0.105880 0.117614 0.137593 0.167484 0.207198 0.253968 0.303227 0.350157 0.391049 0.423379 0.445334 0.455796 0.454012 0.439627 0.412684 0.373870 0.325587 0.272429 0.220971 0.177776 0.147251 0.130937 0.128847 0.140705 0.166224 0.202913 0.244242 0.277666 0.292629 0.292629 0.277666 0.244242 0.202913 0.166224 0.140705 0.128847 0.130937 0.147251 0.177776 0.220971 0.272429 0.325587 0.373870 0.412684 0.439627 0.454012 0.455796 0.445334 0.423379 0.391049 0.350157 0.303227 0.253968 0.207198 0.167484 0.137593 0.117614 0.105880 0.099794
   0.104389 0.107327 0.116638 0.134275 0.162517 0.201924 0.250255 0.302188 0.351692 0.394112 0.426925 0.448940 0.459443 0.457705 0.443160 0.415677 0.375808 0.325587 0.269634 0.214833 0.168490 0.135630 0.118255 0.116743 0.132230 0.167043 0.222785 0.294767 0.369494 0.425972 0.450430 0.450430 0.425972 0.369493 0.294767 0.222785 0.167043 0.132230 0.116743 0.118255 0.135630 0.168490 0.214833 0.269634 0.325587 0.375808 0.415677 0.443160 0.457705 0.459443 0.448940 0.426925 0.394112 0.351692 0.302188 0.250255 0.201924 0.162517 0.134275 0.116638 0.107327
   0.123542 0.127165 0.138760 0.160414 0.193928 0.238579 0.290366 0.342499 0.388587 0.424574 0.448878 0.460970 0.460650 0.447385 0.420732 0.381017 0.330154 0.272429 0.214833 0.165070 0.128730 0.108027 0.103478 0.116509 0.151622 0.214888 0.307878 0.418020 0.520832 0.591077 0.619550 0.619550 0.591077 0.520832 0.418020 0.307878 0.214888 0.151622 0.116509 0.103478 0.108027 0.128730 0.165070 0.214833 0.272429 0.330154 0.381017 0.420732 0.447385 0.460650 0.460970 0.448878 0.424574 0.388587 0.342499 0.290366 0.238579 0.193928 0.160414 0.138760 0.127165
   0.150358 0.154289 0.166863 0.190040 0.225177 0.270590 0.321399 0.370384 0.411340 0.440568 0.456876 0.459929 0.449614 0.425585 0.387925 0.338088 0.280172 0.220971 0.168490 0.128730 0.104236 0.095229 0.102768 0.131209 0.189290 0.285101 0.414118 0.549960 0.660944 0.728610 0.753976 0.753976 0.728610 0.660944 0.549960 0.414118 0.285101 0.189290 0.131209 0.102768 0.095229 0.104236 0.128730 0.168490 0.220971 0.280172 0.338088 0.387925 0.425585 0.449614 0.459929 0.456876 0.440568 0.411340 0.370384 0.321399 0.270590 0.225177 0.190040 0.166863 0.154289
   0.179972 0.183791 0.195940 0.218118 0.251487 0.293943 0.340552 0.384302 0.419347 0.442066 0.451126 0.446072 0.426816 0.393318 0.346791 0.290705 0.231666 0.177776 0.135630 0.108027 0.095229 0.097436 0.117899 0.164462 0.248476 0.374471 0.525164 0.663616 0.763265 0.818555 0.837937 0.837937 0.818555 0.763265 0.663616 0.525164 0.374471 0.248476 0.164462 0.117899 0.097436 0.095229 0.108027 0.135630 0.177776 0.231666 0.290705 0.346791 0.393318 0.426816 0.446072 0.451126 0.442066 0.419347 0.384302 0.340552 0.293943 0.251487 0.218118 0.195940 0.183791
   0.208041 0.211455 0.222180 0.241536 0.270670 0.307478 0.347551 0.384541 0.413043 0.429342 0.431789 0.419589 0.392744 0.352007 0.300346 0.243651 0.190242 0.147251 0.118255 0.103478 0.102768 0.117899 0.154754 0.223089 0.331765 0.474775 0.623618 0.744443 0.824091 0.865981 0.879856 0.879856 0.865981 0.824091 0.744443 0.623618 0.474775 0.331765 0.223089 0.154754 0.117899 0.102768 0.103478 0.118255 0.147251 0.190242 0.243651 0.300346 0.352007 0.392744 0.419589 0.431789 0.429342 0.413043 0.384541 0.347551 0.307478 0.270670 0.241536 0.222180 0.211455
   0.230841 0.233834 0.242904 0.258743 0.282391 0.311913 0.343777 0.372627 0.393747 0.403354 0.399511 0.381177 0.348652 0.303980 0.252354 0.201520 0.159535 0.130937 0.116743 0.116509 0.131209 0.164462 0.223089 0.313990 0.436582 0.573789 0.698404 0.791106 0.850087 0.880739 0.890238 0.890238 0.880739 0.850087 0.791106 0.698404 0.573789 0.436582 0.313990 0.223089 0.164462 0.131209 0.116509 0.116743 0.130937 0.159535 0.201520 0.252354 0.303980 0.348652 0.381177 0.399511 0.403354 0.393747 0.372627 0.343777 0.311913 0.282391 0.258743 0.242904 0.233834
   0.245603 0.248396 0.256298 0.269070 0.287236 0.309002 0.331766 0.351407 0.364159 0.366547 0.356561 0.333246 0.297620 0.253276 0.207269 0.167730 0.140827 0.128847 0.132230 0.151622 0.189290 0.248476 0.331765 0.436582 0.551745 0.659682 0.746480 0.807467 0.846143 0.866145 0.871104 0.871104 0.866145 0.846143 0.807467 0.746480 0.659682 0.551745 0.436582 0.331765 0.248476 0.189290 0.151622 0.132230 0.128847 0.140827 0.167730 0.207269 0.253276 0.297620 0.333246 0.356561 0.366547 0.364159 0.351407 0.331766 0.309001 0.287235 0.269070 0.256298 0.248396
   0.251320 0.254218 0.261740 0.272582 0.286270 0.300970 0.314806 0.324977 0.328833 0.323661 0.307866 0.281015 0.245146 0.205266 0.169106 0.143781 0.133634 0.140705 0.167043 0.214888 0.285101 0.374471 0.474775 0.573789 0.659682 0.725211 0.769642 0.796209 0.810425 0.815221 0.812642 0.812642 0.815221 0.810425 0.796209 0.769642 0.725211 0.659682 0.573789 0.474775 0.374471 0.285101 0.214888 0.167043 0.140705 0.133634 0.143781 0.169106 0.205266 0.245146 0.281015 0.307866 0.323661 0.328833 0.324977 0.314806 0.300970 0.286270 0.272582 0.261740 0.254218
   0.249135 0.252311 0.259984 0.270006 0.280682 0.289967 0.296266 0.297965 0.293428 0.281140 0.260331 0.231560 0.197854 0.165040 0.140315 0.129513 0.136737 0.166224 0.222785 0.307878 0.414118 0.525164 0.623618 0.698404 0.746480 0.769642 0.771988 0.758539 0.737169 0.715231 0.698560 0.698560 0.715231 0.737169 0.758539 0.771988 0.769642 0.746480 0.698404 0.623618 0.525164 0.414118 0.307878 0.222785 0.166224 0.136737 0.129513 0.140315 0.165040 0.197854 0.231560 0.260331 0.281140 0.293428 0.297965 0.296266 0.289967 0.280682 0.270006 0.259984 0.252311
   0.241805 0.245200 0.253019 0.262804 0.271862 0.277925 0.279083 0.274466 0.263155 0.245042 0.220408 0.191055 0.160704 0.135312 0.121062 0.123341 0.147936 0.202913 0.294767 0.418020 0.549960 0.663616 0.744443 0.791106 0.807467 0.796209 0.758539 0.697976 0.627849 0.567493 0.531753 0.531753 0.567493 0.627849 0.697976 0.758539 0.796209 0.807467 0.791106 0.744443 0.663616 0.549960 0.418020 0.294767 0.202913 0.147936 0.123341 0.121062 0.135312 0.160704 0.191055 0.220408 0.245042 0.263155 0.274466 0.279083 0.277925 0.271862 0.262804 0.253019 0.245200
   0.232719 0.236128 0.243732 0.253292 0.261725 0.266585 0.265223 0.256904 0.241029 0.218789 0.191559 0.162338 0.135224 0.115918 0.109806 0.122840 0.163656 0.244242 0.369494 0.520832 0.660944 0.763265 0.824091 0.850087 0.846143 0.810425 0.737169 0.627849 0.507292 0.412491 0.363388 0.363388 0.412491 0.507292 0.627849 0.737169 0.810425 0.846143 0.850087 0.824091 0.763265 0.660944 0.520832 0.369493 0.244242 0.163656 0.122840 0.109806 0.115918 0.135224 0.162338 0.191559 0.218789 0.241029 0.256904 0.265223 0.266585 0.261725 0.253292 0.243732 0.236128
   0.224653 0.227958 0.235081 0.244332 0.252651 0.257577 0.255609 0.245821 0.227505 0.202858 0.174078 0.145150 0.120280 0.104907 0.103989 0.124405 0.177437 0.277666 0.425972 0.591077 0.728610 0.818555 0.865981 0.880739 0.866145 0.815221 0.715231 0.567493 0.412491 0.301660 0.250033 0.250033 0.301660 0.412491 0.567493 0.715231 0.815221 0.866145 0.880739 0.865981 0.818555 0.728610 0.591077 0.425972 0.277666 0.177437 0.124405 0.103989 0.104907 0.120280 0.145150 0.174078 0.202858 0.227505 0.245821 0.255609 0.257577 0.252651 0.244332 0.235081 0.227958
   0.219340 0.222476 0.229290 0.238290 0.246713 0.251953 0.250221 0.240133 0.221038 0.195399 0.166030 0.137284 0.113492 0.099863 0.101209 0.124899 0.183513 0.292629 0.450430 0.619550 0.753976 0.837937 0.879856 0.890238 0.871104 0.812642 0.698560 0.531753 0.363388 0.250033 0.200278 0.200278 0.250033 0.363388 0.531753 0.698560 0.812642 0.871104 0.890238 0.879856 0.837937 0.753976 0.619549 0.450430 0.292629 0.183513 0.124899 0.101209 0.099863 0.113492 0.137284 0.166030 0.195399 0.221038 0.240133 0.250221 0.251953 0.246713 0.238290 0.229290 0.222476
   0.219340 0.222476 0.229290 0.238290 0.246713 0.251953 0.250221 0.240133 0.221038 0.195399 0.166030 0.137284 0.113492 0.099863 0.101209 0.124899 0.183513 0.292629 0.450430 0.619550 0.753976 0.837937 0.879856 0.890238 0.871104 0.812642 0.698560 0.531753 0.363388 0.250033 0.200278 0.200278 0.250033 0.363388 0.531753 0.698560 0.812642 0.871104 0.890238 0.879856 0.837937 0.753976 0.619549 0.450430 0.292629 0.183513 0.124899 0.101209 0.099863 0.113492 0.137284 0.166030 0.195399 0.221038 0.240133 0.250221 0.251953 0.246713 0.238290 0.229290 0.222476
   0.224653 0.227958 0.235081 0.244332 0.252651 0.257577 0.255609 0.245821 0.227505 0.202858 0.174078 0.145150 0.120280 0.104907 0.103989 0.124405 0.177437 0.277666 0.425972 0.591077 0.728610 0.818555 0.865981 0.880739 0.866145 0.815221 0.715231 0.567493 0.412491 0.301660 0.250033 0.250033 0.301660 0.412491 0.567493 0.715231 0.815221 0.866145 0.880739 0.865981 0.818555 0.728610 0.591077 0.425972 0.277666 0.177437 0.124405 0.103989 0.104907 0.120280 0.145150 0.174078 0.202858 0.227505 0.245821 0.255609 0.257577 0.252651 0.244332 0.235081 0.227958
   0.232719 0.236128 0.243732 0.253292 0.261725 0.266585 0.265223 0.256904 0.241029 0.218789 0.191559 0.162338 0.135224 0.115918 0.109806 0.122840 0.163656 0.244242 0.369493 0.520832 0.660944 0.763265 0.824091 0.850087 0.846143 0.810425 0.737169 0.627849 0.507292 0.412491 0.363388 0.363388 0.412491 0.507292 0.627849 0.737169 0.810425 0.846143 0.850087 0.824091 0.763265 0.660944 0.520832 0.369493 0.244242 0.163656 0.122840 0.109806 0.115918 0.135224 0.162338 0.191559 0.218789 0.241029 0.256904 0.265223 0.266585 0.261725 0.253292 0.243732 0.236128
   0.241805 0.245200 0.253019 0.262804 0.271862 0.277925 0.279083 0.274466 0.263155 0.245042 0.220408 0.191055 0.160704 0.135312 0.121062 0.123341 0.147936 0.202913 0.294767 0.418020 0.549960 0.663616 0.744443 0.791106 0.807467 0.796209 0.758539 0.697976 0.627849 0.567493 0.531753 0.531753 0.567493 0.627849 0.697976 0.758539 0.796209 0.807467 0.791106 0.744442 0.663616 0.549960 0.418020 0.294767 0.202913 0.147936 0.123341 0.121062 0.135312 0.160704 0.191055 0.220408 0.245042 0.263155 0.274466 0.279083 0.277925 0.271862 0.262804 0.253019 0.245200
   0.249135 0.252311 0.259984 0.270006 0.280682 0.289967 0.296266 0.297965 0.293428 0.281140 0.260331 0.231560 0.197854 0.165040 0.140315 0.129513 0.136737 0.166224 0.222785 0.307878 0.414118 0.525164 0.623618 0.698404 0.746480 0.769642 0.771988 0.758539 0.737169 0.715231 0.698560 0.698560 0.715231 0.737169 0.758539 0.771988 0.769642 0.746480 0.698404 0.623618 0.525164 0.414118 0.307878 0.222785 0.166224 0.136737 0.129513 0.140315 0.165040 0.197854 0.231560 0.260331 0.281140 0.293428 0.297965 0.296266 0.289967 0.280682 0.270006 0.259984 0.252311
   0.251320 0.254218 0.261740 0.272582 0.286270 0.300970 0.314807 0.324977 0.328833 0.323661 0.307866 0.281015 0.245146 0.205266 0.169106 0.143781 0.133634 0.140705 0.167043 0.214888 0.285101 0.374471 0.474775 0.573789 0.659682 0.725211 0.769642 0.796209 0.810425 0.815221 0.812642 0.812642 0.815221 0.810425 0.796209 0.769642 0.725211 0.659682 0.573789 0.474775 0.374471 0.285101 0.214888 0.167043 0.140705 0.133634 0.143781 0.169106 0.205266 0.245146 0.281015 0.307866 0.323661 0.328833 0.324977 0.314806 0.300970 0.286270 0.272582 0.261740 0.254218
   0.245603 0.248396 0.256298 0.269070 0.287236 0.309002 0.331766 0.351407 0.364159 0.366547 0.356561 0.333246 0.297620 0.253276 0.207269 0.167730 0.140827 0.128847 0.132230 0.151622 0.189290 0.248476 0.331765 0.436582 0.551745 0.659682 0.746480 0.807467 0.846143 0.866145 0.871104 0.871104 0.866145 0.846143 0.807467 0.746480 0.659682 0.551745 0.436582 0.331765 0.248476 0.189290 0.151622 0.132230 0.128847 0.140827 0.167730 0.207269 0.253276 0.297620 0.333246 0.356561 0.366547 0.364159 0.351407 0.331766 0.309001 0.287235 0.269070 0.256298 0.248396
   0.230841 0.233834 0.242904 0.258743 0.282391 0.311913 0.343777 0.372627 0.393747 0.403354 0.399511 0.381177 0.348652 0.303980 0.252354 0.201520 0.159535 0.130937 0.116743 0.116509 0.131209 0.164462 0.223089 0.313990 0.436582 0.573789 0.698404 0.791106 0.850087 0.880739 0.890238 0.890238 0.880739 0.850087 0.791106 0.698404 0.573789 0.436582 0.313990 0.223089 0.164462 0.131208 0.116509 0.116743 0.130937 0.159535 0.201520 0.252355 0.303980 0.348652 0.381177 0.399511 0.403354 0.393747 0.372627 0.343777 0.311913 0.282391 0.258743 0.242904 0.233834
   0.208041 0.211455 0.222180 0.241536 0.270670 0.307478 0.347551 0.384541 0.413043 0.429342 0.431789 0.419589 0.392744 0.352007 0.300346 0.243651 0.190242 0.147251 0.118255 0.103478 0.102768 0.117899 0.154754 0.223089 0.331765 0.474775 0.623618 0.744443 0.824091 0.865981 0.879856 0.879856 0.865981 0.824091 0.744442 0.623618 0.474775 0.331765 0.223089 0.154754 0.117899 0.102768 0.103478 0.118255 0.147251 0.190242 0.243651 0.300346 0.352007 0.392744 0.419589 0.431789 0.429342 0.413043 0.384541 0.347551 0.307478 0.270670 0.241536 0.222180 0.211455
   0.179972 0.183791 0.195940 0.218118 0.251487 0.293943 0.340552 0.384302 0.419347 0.442066 0.451126 0.446072 0.426816 0.393318 0.346791 0.290705 0.231666 0.177776 0.135630 0.108027 0.095229 0.097436 0.117899 0.164462 0.248476 0.374471 0.525164 0.663616 0.763265 0.818555 0.837937 0.837937 0.818555 0.763265 0.663616 0.525164 0.374471 0.248476 0.164462 0.117899 0.097436 0.095229 0.108027 0.135630 0.177776 0.231666 0.290705 0.346791 0.393318 0.426816 0.446072 0.451126 0.442066 0.419347 0.384302 0.340552 0.293943 0.251487 0.218118 0.195940 0.183791
   0.150358 0.154289 0.166863 0.190040 0.225177 0.270590 0.321399 0.370384 0.411340 0.440568 0.456876 0.459929 0.449614 0.425585 0.387925 0.338088 0.280172 0.220971 0.168490 0.128730 0.104236 0.095229 0.102768 0.131209 0.189290 0.285101 0.414118 0.549960 0.660944 0.728610 0.753976 0.753976 0.728610 0.660944 0.549960 0.414118 0.285101 0.189290 0.131208 0.102768 0.095229 0.104236 0.128730 0.168490 0.220972 0.280172 0.338088 0.387925 0.425585 0.449614 0.459929 0.456876 0.440568 0.411340 0.370384 0.321399 0.270590 0.225176 0.190040 0.166863 0.154289
   0.123542 0.127165 0.138760 0.160414 0.193928 0.238579 0.290366 0.342499 0.388587 0.424574 0.448878 0.460970 0.460650 0.447385 0.420732 0.381017 0.330154 0.272429 0.214833 0.165070 0.128730 0.108027 0.103478 0.116509 0.151622 0.214888 0.307878 0.418020 0.520832 0.591077 0.619549 0.619549 0.591077 0.520832 0.418020 0.307878 0.214888 0.151622 0.116509 0.103478 0.108027 0.128730 0.165070 0.214833 0.272429 0.330154 0.381017 0.420732 0.447385 0.460650 0.460970 0.448878 0.424574 0.388587 0.342499 0.290366 0.238579 0.193928 0.160414 0.138760 0.127165
   0.104389 0.107327 0.116638 0.134275 0.162517 0.201924 0.250255 0.302188 0.351692 0.394112 0.426925 0.448940 0.459443 0.457705 0.443160 0.415677 0.375808 0.325587 0.269634 0.214833 0.168490 0.135630 0.118255 0.116743 0.132230 0.167043 0.222785 0.294767 0.369493 0.425972 0.450430 0.450430 0.425972 0.369493 0.294767 0.222785 0.167043 0.132230 0.116743 0.118255 0.135630 0.168490 0.214833 0.269634 0.325587 0.375808 0.415677 0.443160 0.457705 0.459443 0.448940 0.426925 0.394112 0.351692 0.302188 0.250255 0.201924 0.162517 0.134275 0.116638 0.107327
   0.097790 0.099794 0.105880 0.117614 0.137593 0.167484 0.207198 0.253968 0.303227 0.350157 0.391049 0.423379 0.445334 0.455796 0.454012 0.439627 0.412684 0.373870 0.325587 0.272429 0.220971 0.177776 0.147251 0.130937 0.128847 0.140705 0.166224 0.202913 0.244242 0.277666 0.292629 0.292629 0.277666 0.244242 0.202913 0.166224 0.140705 0.128847 0.130937 0.147251 0.177776 0.220972 0.272429 0.325587 0.373870 0.412684 0.439627 0.454012 0.455796 0.445334 0.423379 0.391049 0.350157 0.303227 0.253968 0.207198 0.167484 0.137593 0.117614 0.105880 0.099794
   0.109416 0.110196 0.111972 0.115967 0.125371 0.142627 0.169297 0.205314 0.248729 0.295937 0.342573 0.384432 0.418043 0.441188 0.452559 0.451613 0.438274 0.412684 0.375808 0.330154 0.280172 0.231666 0.190242 0.159535 0.140827 0.133634 0.136737 0.147936 0.163656 0.177437 0.183513 0.183513 0.177437 0.163656 0.147936 0.136737 0.133634 0.140827 0.159535 0.190242 0.231666 0.280172 0.330154 0.375808 0.412684 0.438275 0.451613 0.452559 0.441188 0.418043 0.384432 0.342573 0.295937 0.248729 0.205314 0.169297 0.142627 0.125371 0.115967 0.111972 0.110196
   0.149035 0.147866 0.142811 0.135342 0.130699 0.132523 0.143264 0.164393 0.196322 0.237763 0.285280 0.333821 0.378066 0.413851 0.438622 0.451287 0.451613 0.439627 0.415677 0.381017 0.338088 0.290705 0.243651 0.201520 0.167730 0.143781 0.129513 0.123341 0.122840 0.124405 0.124899 0.124899 0.124405 0.122840 0.123341 0.129513 0.143781 0.167730 0.201520 0.243651 0.290705 0.338088 0.381017 0.415677 0.439627 0.451613 0.451287 0.438622 0.413851 0.378065 0.333821 0.285280 0.237763 0.196322 0.164393 0.143264 0.132523 0.130699 0.135342 0.142811 0.147866
   0.232151 0.227654 0.210916 0.184569 0.158809 0.140299 0.132408 0.136564 0.153617 0.183855 0.225913 0.275782 0.327351 0.374370 0.412278 0.438622 0.452559 0.454012 0.443160 0.420732 0.387925 0.346791 0.300346 0.252354 0.207269 0.169106 0.140315 0.121062 0.109806 0.103989 0.101209 0.101209 0.103989 0.109806 0.121062 0.140315 0.169106 0.207269 0.252355 0.300346 0.346791 0.387925 0.420732 0.443160 0.454012 0.452559 0.438622 0.412278 0.374370 0.327351 0.275782 0.225913 0.183855 0.153617 0.136564 0.132408 0.140299 0.158809 0.184569 0.210916 0.227654
   0.369035 0.360085 0.327114 0.273290 0.216232 0.169050 0.137868 0.123380 0.124606 0.141070 0.172528 0.217195 0.270341 0.324982 0.374370 0.413851 0.441188 0.455796 0.457705 0.447385 0.425585 0.393318 0.352007 0.303980 0.253276 0.205266 0.165040 0.135312 0.115918 0.104907 0.099863 0.099863 0.104907 0.115918 0.135312 0.165040 0.205266 0.253276 0.303980 0.352007 0.393318 0.425585 0.447385 0.457705 0.455796 0.441188 0.413851 0.374370 0.324982 0.270341 0.217195 0.172528 0.141070 0.124606 0.123380 0.137868 0.169050 0.216232 0.273290 0.327114 0.360085
   0.539677 0.527533 0.481340 0.400436 0.306519 0.222052 0.160806 0.124699 0.109819 0.112528 0.131396 0.165942 0.214030 0.270341 0.327351 0.378066 0.418043 0.445334 0.459443 0.460650 0.449614 0.426816 0.392744 0.348652 0.297620 0.245146 0.197854 0.160704 0.135224 0.120280 0.113492 0.113492 0.120280 0.135224 0.160704 0.197854 0.245146 0.297620 0.348652 0.392744 0.426816 0.449614 0.460650 0.459443 0.445334 0.418043 0.378065 0.327351 0.270341 0.214030 0.165942 0.131396 0.112528 0.109819 0.124699 0.160806 0.222052 0.306519 0.400436 0.481340 0.527533
   0.695625 0.683694 0.635700 0.543300 0.422129 0.299896 0.203176 0.141184 0.108884 0.098445 0.105195 0.127825 0.165942 0.217195 0.275782 0.333821 0.384432 0.423379 0.448940 0.460970 0.459929 0.446072 0.419589 0.381177 0.333246 0.281015 0.231560 0.191055 0.162338 0.145150 0.137284 0.137284 0.145150 0.162338 0.191055 0.231560 0.281015 0.333246 0.381177 0.419589 0.446072 0.459929 0.460970 0.448940 0.423379 0.384432 0.333821 0.275782 0.217195 0.165942 0.127825 0.105195 0.098445 0.108884 0.141184 0.203176 0.299896 0.422129 0.543300 0.635701 0.683694
   0.804112 0.794656 0.754267 0.669220 0.542923 0.396865 0.266813 0.175662 0.123119 0.098809 0.094125 0.105195 0.131396 0.172528 0.225913 0.285280 0.342573 0.391049 0.426925 0.448878 0.456876 0.451126 0.431789 0.399511 0.356561 0.307866 0.260331 0.220408 0.191559 0.174078 0.166030 0.166030 0.174078 0.191559 0.220408 0.260331 0.307866 0.356561 0.399511 0.431789 0.451126 0.456876 0.448878 0.426925 0.391049 0.342573 0.285280 0.225913 0.172528 0.131396 0.105195 0.094125 0.098809 0.123119 0.175662 0.266813 0.396865 0.542923 0.669220 0.754268 0.794656
   0.864826 0.858094 0.827535 0.758943 0.647219 0.500798 0.351424 0.233146 0.157232 0.116100 0.098809 0.098445 0.112528 0.141070 0.183855 0.237763 0.295937 0.350157 0.394112 0.424574 0.440568 0.442066 0.429342 0.403354 0.366547 0.323661 0.281140 0.245042 0.218789 0.202858 0.195399 0.195399 0.202858 0.218789 0.245042 0.281140 0.323661 0.366547 0.403354 0.429342 0.442066 0.440568 0.424574 0.394112 0.350157 0.295937 0.237763 0.183855 0.141070 0.112528 0.098445 0.098809 0.116100 0.157233 0.233146 0.351424 0.500798 0.647219 0.758943 0.827535 0.858094
   0.889544 0.885026 0.862752 0.810951 0.722946 0.597398 0.452019 0.318612 0.219602 0.157232 0.123119 0.108884 0.109819 0.124606 0.153617 0.196322 0.248729 0.303227 0.351692 0.388587 0.411340 0.419347 0.413043 0.393747 0.364159 0.328833 0.293428 0.263155 0.241029 0.227505 0.221038 0.221038 0.227505 0.241029 0.263155 0.293428 0.328833 0.364159 0.393747 0.413043 0.419347 0.411340 0.388587 0.351692 0.303227 0.248729 0.196322 0.153617 0.124606 0.109819 0.108884 0.123119 0.157233 0.219603 0.318612 0.452019 0.597398 0.722946 0.810951 0.862752 0.885026
   0.885150 0.882618 0.867294 0.830485 0.768142 0.675685 0.557524 0.431123 0.318612 0.233146 0.175662 0.141184 0.124699 0.123380 0.136564 0.164393 0.205314 0.253968 0.302188 0.342499 0.370384 0.384302 0.384541 0.372627 0.351407 0.324977 0.297965 0.274466 0.256904 0.245821 0.240133 0.240133 0.245821 0.256904 0.274466 0.297965 0.324977 0.351407 0.372627 0.384541 0.384302 0.370384 0.342499 0.302188 0.253968 0.205314 0.164393 0.136564 0.123380 0.124699 0.141184 0.175662 0.233146 0.318612 0.431124 0.557524 0.675685 0.768142 0.830485 0.867294 0.882618
   0.847563 0.847839 0.841070 0.820698 0.785542 0.730896 0.653928 0.557524 0.452019 0.351424 0.266813 0.203176 0.160806 0.137868 0.132408 0.143264 0.169297 0.207198 0.250255 0.290366 0.321399 0.340552 0.347551 0.343777 0.331766 0.314806 0.296266 0.279083 0.265223 0.255609 0.250221 0.250221 0.255609 0.265223 0.279083 0.296266 0.314806 0.331766 0.343777 0.347551 0.340552 0.321399 0.290366 0.250255 0.207198 0.169297 0.143264 0.132408 0.137868 0.160806 0.203176 0.266813 0.351424 0.452019 0.557524 0.653928 0.730896 0.785542 0.820698 0.841070 0.847839
   0.761721 0.767319 0.775960 0.780427 0.778469 0.763813 0.730896 0.675685 0.597398 0.500798 0.396865 0.299896 0.222052 0.169050 0.140299 0.132523 0.142627 0.167484 0.201924 0.238579 0.270590 0.293943 0.307478 0.311913 0.309001 0.300970 0.289967 0.277925 0.266585 0.257577 0.251953 0.251953 0.257577 0.266585 0.277925 0.289967 0.300970 0.309001 0.311913 0.307478 0.293943 0.270590 0.238579 0.201924 0.167484 0.142627 0.132523 0.140299 0.169050 0.222052 0.299896 0.396865 0.500798 0.597398 0.675685 0.730896 0.763813 0.778469 0.780427 0.775960 0.767319
   0.615900 0.630157 0.664823 0.708519 0.750537 0.778469 0.785542 0.768142 0.722946 0.647219 0.542923 0.422129 0.306519 0.216232 0.158809 0.130699 0.125371 0.137593 0.162517 0.193928 0.225177 0.251487 0.270670 0.282391 0.287235 0.286270 0.280682 0.271862 0.261725 0.252651 0.246713 0.246713 0.252651 0.261725 0.271862 0.280682 0.286270 0.287235 0.282391 0.270670 0.251487 0.225176 0.193928 0.162517 0.137593 0.125371 0.130699 0.158809 0.216232 0.306519 0.422129 0.542923 0.647219 0.722946 0.768142 0.785542 0.778469 0.750537 0.708519 0.664822 0.630157
   0.437674 0.460114 0.523247 0.614265 0.708519 0.780427 0.820698 0.830485 0.810951 0.758943 0.669220 0.543300 0.400436 0.273290 0.184569 0.135342 0.115967 0.117614 0.134275 0.160414 0.190040 0.218118 0.241536 0.258743 0.269070 0.272582 0.270006 0.262804 0.253292 0.244332 0.238290 0.238290 0.244332 0.253292 0.262804 0.270006 0.272582 0.269070 0.258743 0.241536 0.218118 0.190040 0.160414 0.134275 0.117614 0.115967 0.135342 0.184569 0.273290 0.400436 0.543300 0.669220 0.758943 0.810951 0.830485 0.820698 0.780427 0.708519 0.614265 0.523247 0.460114
   0.291943 0.317174 0.395867 0.523247 0.664823 0.775960 0.841070 0.867294 0.862752 0.827535 0.754267 0.635700 0.481340 0.327114 0.210916 0.142811 0.111972 0.105880 0.116638 0.138760 0.166863 0.195940 0.222180 0.242904 0.256298 0.261740 0.259984 0.253019 0.243732 0.235081 0.229290 0.229290 0.235081 0.243732 0.253019 0.259984 0.261740 0.256298 0.242904 0.222180 0.195940 0.166863 0.138760 0.116638 0.105880 0.111972 0.142811 0.210916 0.327114 0.481340 0.635701 0.754268 0.827535 0.862752 0.867294 0.841070 0.775960 0.664822 0.523247 0.395867 0.317174
   0.212246 0.236439 0.317174 0.460114 0.630157 0.767319 0.847839 0.882618 0.885026 0.858094 0.794656 0.683694 0.527533 0.360085 0.227654 0.147866 0.110196 0.099794 0.107327 0.127165 0.154289 0.183791 0.211455 0.233834 0.248396 0.254218 0.252311 0.245200 0.236128 0.227958 0.222476 0.222476 0.227958 0.236128 0.245200 0.252311 0.254218 0.248396 0.233834 0.211455 0.183791 0.154289 0.127165 0.107327 0.099794 0.110196 0.147866 0.227654 0.360085 0.527533 0.683694 0.794656 0.858094 0.885026 0.882618 0.847839 0.767319 0.630157 0.460114 0.317174 0.236439

   0.212246 0.236439 0.317174 0.460114 0.630157 0.767319 0.847839 0.882618 0.885026 0.858094 0.794656 0.683694 0.527533 0.360085 0.227654 0.147866 0.110196 0.099794 0.107327 0.127165 0.154289 0.183791 0.211455 0.233834 0.248396 0.254218 0.252311 0.245200 0.236128 0.227958 0.222476 0.222476 0.227958 0.236128 0.245200 0.252311 0.254218 0.248396 0.233834 0.211455 0.183791 0.154289 0.127165 0.107327 0.099794 0.110196 0.147866 0.227654 0.360085 0.527533 0.683694 0.794656 0.858094 0.885026 0.882618 0.847839 0.767319 0.630157 0.460114 0.317174 0.236439
   0.236439 0.261332 0.342474 0.481883 0.643641 0.772520 0.847971 0.880018 0.880438 0.851308 0.785250 0.672089 0.516073 0.351915 0.223776 0.147134 0.111326 0.102148 0.110664 0.131254 0.158746 0.188159 0.215386 0.237232 0.251416 0.257144 0.255376 0.248482 0.239549 0.231437 0.225897 0.225897 0.231437 0.239549 0.248482 0.255376 0.257144 0.251416 0.237232 0.215386 0.188159 0.158746 0.131254 0.110664 0.102148 0.111326 0.147134 0.223776 0.351915 0.516073 0.672089 0.785250 0.851308 0.880438 0.880018 0.847970 0.772520 0.643641 0.481883 0.342474 0.261332
   0.317174 0.342474 0.419836 0.542197 0.675882 0.779979 0.840680 0.864283 0.857679 0.820279 0.744773 0.624965 0.471847 0.321200 0.208809 0.143337 0.114139 0.109285 0.121160 0.144206 0.172819 0.201870 0.227600 0.247517 0.260061 0.264851 0.262775 0.255820 0.246736 0.238338 0.232640 0.232640 0.238338 0.246736 0.255820 0.262775 0.264851 0.260061 0.247517 0.227600 0.201870 0.172819 0.144206 0.121160 0.109285 0.114139 0.143337 0.208809 0.321200 0.471847 0.624965 0.744773 0.820279 0.857679 0.864283 0.840680 0.779979 0.675882 0.542197 0.419836 0.342474
   0.460114 0.481883 0.542197 0.627907 0.715939 0.782681 0.819411 0.826707 0.805066 0.751125 0.660136 0.534627 0.394272 0.270628 0.184865 0.137622 0.119685 0.122661 0.140639 0.167888 0.198150 0.226257 0.249095 0.265213 0.274157 0.276326 0.272794 0.265261 0.255993 0.247532 0.241774 0.241774 0.247532 0.255993 0.265261 0.272794 0.276326 0.274157 0.265213 0.249095 0.226257 0.198150 0.167888 0.140639 0.122661 0.119685 0.137622 0.184865 0.270628 0.394272 0.534627 0.660136 0.751125 0.805066 0.826707 0.819411 0.782681 0.715939 0.627907 0.542197 0.481883
   0.630157 0.643641 0.675882 0.715939 0.754107 0.778713 0.783125 0.763537 0.716569 0.639811 0.535832 0.416982 0.304291 0.216772 0.161402 0.134816 0.130890 0.144597 0.170972 0.203531 0.235418 0.261788 0.280419 0.290976 0.294151 0.291336 0.284179 0.274506 0.264297 0.255606 0.249957 0.249957 0.255606 0.264297 0.274506 0.284179 0.291336 0.294151 0.290976 0.280419 0.261788 0.235418 0.203531 0.170972 0.144597 0.130890 0.134816 0.161402 0.216772 0.304291 0.416982 0.535832 0.639811 0.716569 0.763537 0.783125 0.778713 0.754107 0.715939 0.675882 0.643641
   0.767319 0.772520 0.779979 0.782681 0.778713 0.762063 0.727337 0.670707 0.591765 0.495675 0.393445 0.298845 0.223312 0.172161 0.144878 0.138482 0.150074 0.176447 0.212158 0.249659 0.282091 0.305497 0.318669 0.322213 0.317804 0.307859 0.294956 0.281542 0.269571 0.260517 0.254984 0.254984 0.260517 0.269571 0.281542 0.294956 0.307859 0.317804 0.322213 0.318669 0.305497 0.282091 0.249659 0.212158 0.176447 0.150074 0.138482 0.144878 0.172161 0.223312 0.298845 0.393445 0.495675 0.591765 0.670707 0.727337 0.762063 0.778713 0.782681 0.779979 0.772520
   0.847839 0.847971 0.840680 0.819411 0.783125 0.727337 0.649595 0.553222 0.448745 0.349918 0.267305 0.205496 0.164644 0.143028 0.138908 0.151244 0.178784 0.217894 0.261607 0.301924 0.332993 0.352184 0.359159 0.355061 0.342138 0.323634 0.303182 0.284204 0.269029 0.258716 0.253052 0.253052 0.258716 0.269029 0.284204 0.303182 0.323634 0.342138 0.355061 0.359159 0.352184 0.332993 0.301924 0.261607 0.217894 0.178784 0.151244 0.138908 0.143028 0.164644 0.205496 0.267305 0.349918 0.448745 0.553222 0.649595 0.727337 0.783125 0.819411 0.840680 0.847971
   0.882618 0.880018 0.864283 0.826707 0.763537 0.670707 0.553222 0.428616 0.318359 0.234899 0.178973 0.145755 0.130474 0.130513 0.145288 0.174771 0.216968 0.266129 0.314083 0.353767 0.381181 0.395044 0.395552 0.383949 0.362615 0.335334 0.306721 0.281255 0.261827 0.249419 0.243070 0.243070 0.249419 0.261827 0.281255 0.306721 0.335334 0.362615 0.383949 0.395552 0.395044 0.381181 0.353767 0.314083 0.266129 0.216968 0.174771 0.145288 0.130513 0.130474 0.145755 0.178973 0.234899 0.318359 0.428616 0.553222 0.670707 0.763537 0.826707 0.864283 0.880018
   0.885026 0.880438 0.857679 0.805066 0.716569 0.591765 0.448745 0.318359 0.221823 0.161093 0.128161 0.115089 0.117462 0.134065 0.165084 0.209471 0.262613 0.316718 0.364010 0.399553 0.421347 0.429094 0.423170 0.404625 0.375613 0.340135 0.303559 0.271335 0.247017 0.231743 0.224337 0.224337 0.231743 0.247017 0.271335 0.303559 0.340135 0.375613 0.404625 0.423170 0.429094 0.421347 0.399553 0.364010 0.316718 0.262613 0.209471 0.165084 0.134065 0.117462 0.115089 0.128161 0.161093 0.221823 0.318359 0.448745 0.591765 0.716569 0.805066 0.857679 0.880438
