CRYSTAL
PRIMVEC
 2.73823450000000 2.73823450000000 0.00000000000000
 0.00000000000000 2.73823450000000 2.73823450000000
 2.73823450000000 0.00000000000000 2.73823450000000
PRIMCOORD
 2 1
 14     0.00000000000000     0.00000000000000     0.00000000000000
 14     1.36911720000000     1.36911720000000     1.36911720000000
BEGIN_BLOCK_DATAGRID_3D
 data
 BEGIN_DATAGRID_3Dgrid#1
  40 40 40
  -5.750292 -5.750292 -5.750292
  5.339557 5.339557 0.000000
  0.000000 5.339557 5.339557
  5.339557 0.000000 5.339557
   0.001183 0.001236 0.001479 0.001986 0.002353 0.002035 0.001165 0.000429 0.000138 0.000126 0.000265 0.000470 0.000617 0.000632 0.000498 0.000297 0.000180 0.000219 0.000409 0.000612 0.000647 0.000622 0.000706 0.000736 0.000522 0.000250 0.000105 0.000068 0.000087 0.000139 0.000193 0.000220 0.000215 0.000185 0.000141 0.000103 0.000097 0.000158 0.000315 0.000491
   0.001236 0.001384 0.002002 0.002828 0.003013 0.002175 0.001004 0.000295 0.000098 0.000133 0.000282 0.000433 0.000479 0.000383 0.000210 0.000100 0.000130 0.000371 0.000823 0.001236 0.001356 0.001132 0.000674 0.000268 0.000089 0.000053 0.000066 0.000109 0.000179 0.000253 0.000294 0.000293 0.000265 0.000219 0.000160 0.000108 0.000091 0.000117 0.000156 0.000140
   0.001479 0.002002 0.003132 0.003926 0.003371 0.001894 0.000670 0.000164 0.000081 0.000157 0.000297 0.000377 0.000325 0.000181 0.000071 0.000082 0.000338 0.001084 0.002218 0.003035 0.002709 0.001459 0.000486 0.000200 0.000231 0.000323 0.000378 0.000415 0.000445 0.000444 0.000403 0.000347 0.000295 0.000240 0.000174 0.000114 0.000083 0.000068 0.000042 0.000015
   0.001986 0.002828 0.003926 0.003960 0.002637 0.001121 0.000299 0.000077 0.000085 0.000192 0.000300 0.000297 0.000181 0.000067 0.000050 0.000232 0.001000 0.002659 0.004546 0.004922 0.003216 0.001393 0.000775 0.000934 0.001218 0.001261 0.001145 0.000996 0.000818 0.000619 0.000452 0.000350 0.000300 0.000255 0.000190 0.000127 0.000085 0.000055 0.000030 0.000029
   0.002353 0.003013 0.003371 0.002637 0.001329 0.000415 0.000090 0.000050 0.000115 0.000232 0.000282 0.000202 0.000083 0.000037 0.000119 0.000615 0.002028 0.004269 0.005732 0.004776 0.002685 0.001660 0.001858 0.002438 0.002648 0.002469 0.002121 0.001642 0.001092 0.000648 0.000410 0.000333 0.000322 0.000291 0.000219 0.000148 0.000103 0.000076 0.000067 0.000105
   0.002035 0.002175 0.001894 0.001121 0.000415 0.000098 0.000035 0.000069 0.000167 0.000254 0.000227 0.000116 0.000043 0.000061 0.000282 0.001052 0.002604 0.004242 0.004454 0.003170 0.002112 0.002151 0.002885 0.003513 0.003691 0.003494 0.002891 0.001932 0.001028 0.000525 0.000375 0.000394 0.000421 0.000364 0.000252 0.000159 0.000107 0.000086 0.000099 0.000173
   0.001165 0.001004 0.000670 0.000299 0.000090 0.000035 0.000053 0.000125 0.000212 0.000230 0.000153 0.000069 0.000049 0.000127 0.000433 0.001137 0.002106 0.002660 0.002331 0.001719 0.001635 0.002231 0.003144 0.003895 0.004230 0.003922 0.002872 0.001580 0.000744 0.000481 0.000536 0.000653 0.000631 0.000459 0.000266 0.000137 0.000078 0.000065 0.000095 0.000172
   0.000429 0.000295 0.000164 0.000077 0.000050 0.000069 0.000125 0.000190 0.000217 0.000176 0.000108 0.000071 0.000090 0.000198 0.000446 0.000820 0.001134 0.001157 0.000961 0.000896 0.001236 0.002043 0.003075 0.003891 0.004052 0.003317 0.002039 0.001037 0.000695 0.000841 0.001138 0.001201 0.000934 0.000547 0.000250 0.000097 0.000044 0.000042 0.000071 0.000116
   0.000138 0.000098 0.000081 0.000085 0.000115 0.000167 0.000212 0.000217 0.000183 0.000141 0.000114 0.000114 0.000154 0.000243 0.000369 0.000477 0.000508 0.000467 0.000449 0.000611 0.001125 0.002017 0.002944 0.003380 0.003027 0.002089 0.001227 0.000955 0.001324 0.002015 0.002340 0.001967 0.001231 0.000588 0.000217 0.000066 0.000027 0.000028 0.000044 0.000058
   0.000126 0.000133 0.000157 0.000192 0.000232 0.000254 0.000230 0.000176 0.000141 0.000139 0.000154 0.000179 0.000223 0.000283 0.000329 0.000339 0.000329 0.000341 0.000444 0.000758 0.001378 0.002126 0.002559 0.002392 0.001769 0.001167 0.001069 0.001767 0.003131 0.004118 0.003819 0.002598 0.001350 0.000545 0.000174 0.000051 0.000024 0.000023 0.000026 0.000029
   0.000265 0.000282 0.000297 0.000300 0.000282 0.000227 0.000153 0.000108 0.000114 0.000154 0.000199 0.000245 0.000300 0.000355 0.000388 0.000407 0.000456 0.000583 0.000850 0.001301 0.001824 0.002114 0.001949 0.001448 0.000985 0.000981 0.001898 0.003993 0.006097 0.006384 0.004789 0.002708 0.001194 0.000421 0.000128 0.000045 0.000028 0.000025 0.000022 0.000024
   0.000470 0.000433 0.000377 0.000297 0.000202 0.000116 0.000069 0.000071 0.000114 0.000179 0.000245 0.000315 0.000398 0.000484 0.000573 0.000702 0.000925 0.001263 0.001684 0.002072 0.002232 0.002012 0.001488 0.000983 0.000908 0.001780 0.004256 0.007557 0.009097 0.007692 0.004809 0.002309 0.000875 0.000280 0.000095 0.000051 0.000043 0.000037 0.000030 0.000035
   0.000617 0.000479 0.000325 0.000181 0.000083 0.000043 0.000049 0.000090 0.000154 0.000223 0.000300 0.000398 0.000526 0.000697 0.000949 0.001336 0.001849 0.002371 0.002758 0.002904 0.002706 0.002143 0.001460 0.001139 0.001744 0.004092 0.008113 0.011241 0.010916 0.007738 0.004132 0.001689 0.000549 0.000173 0.000085 0.000078 0.000081 0.000070 0.000054 0.000070
   0.000632 0.000383 0.000181 0.000067 0.000037 0.000061 0.000127 0.000198 0.000243 0.000283 0.000355 0.000484 0.000697 0.001053 0.001625 0.002387 0.003140 0.003684 0.003992 0.004017 0.003577 0.002699 0.001942 0.002073 0.003923 0.007996 0.012491 0.013952 0.011318 0.006819 0.003074 0.001045 0.000307 0.000135 0.000135 0.000176 0.000188 0.000155 0.000124 0.000172
   0.000498 0.000210 0.000071 0.000050 0.000119 0.000282 0.000433 0.000446 0.000369 0.000329 0.000388 0.000573 0.000949 0.001625 0.002612 0.003671 0.004527 0.005188 0.005683 0.005670 0.004789 0.003508 0.002934 0.004047 0.007682 0.013124 0.016744 0.015402 0.010315 0.005096 0.001879 0.000575 0.000248 0.000267 0.000407 0.000523 0.000519 0.000424 0.000356 0.000463
   0.000297 0.000100 0.000082 0.000232 0.000615 0.001052 0.001137 0.000820 0.000477 0.000339 0.000407 0.000702 0.001336 0.002387 0.003671 0.004877 0.006004 0.007146 0.007859 0.007354 0.005786 0.004456 0.004638 0.007401 0.013244 0.019401 0.020391 0.014990 0.007877 0.003123 0.001099 0.000566 0.000646 0.001009 0.001402 0.001589 0.001498 0.001245 0.001042 0.001125
   0.000180 0.000130 0.000338 0.001000 0.002028 0.002604 0.002106 0.001134 0.000508 0.000329 0.000456 0.000925 0.001849 0.003140 0.004527 0.006004 0.007740 0.009292 0.009558 0.008290 0.006655 0.005932 0.007237 0.012096 0.020306 0.025572 0.021525 0.012212 0.005162 0.002109 0.001363 0.001662 0.002503 0.003450 0.004111 0.004294 0.003970 0.003284 0.002594 0.002359
   0.000219 0.000371 0.001084 0.002659 0.004269 0.004242 0.002660 0.001157 0.000467 0.000341 0.000583 0.001263 0.002371 0.003684 0.005188 0.007146 0.009292 0.010441 0.010028 0.008951 0.007985 0.007560 0.009399 0.016297 0.025948 0.027426 0.018349 0.008853 0.004263 0.003227 0.004068 0.005944 0.007990 0.009515 0.010325 0.010296 0.009207 0.007306 0.005471 0.004587
   0.000409 0.000823 0.002218 0.004546 0.005732 0.004454 0.002331 0.000961 0.000449 0.000444 0.000850 0.001684 0.002758 0.003992 0.005683 0.007859 0.009558 0.010028 0.009993 0.009834 0.008542 0.006759 0.008575 0.017045 0.025047 0.022098 0.013856 0.008733 0.007653 0.009496 0.013380 0.017766 0.021018 0.022824 0.023392 0.022144 0.018661 0.014206 0.010566 0.008497
   0.000612 0.001236 0.003035 0.004922 0.004776 0.003170 0.001719 0.000896 0.000611 0.000758 0.001301 0.002072 0.002904 0.004017 0.005670 0.007354 0.008290 0.008951 0.009834 0.009177 0.005530 0.003058 0.005875 0.013445 0.017192 0.016155 0.015854 0.017630 0.021684 0.028637 0.037180 0.043972 0.047470 0.048666 0.047427 0.042171 0.033776 0.025619 0.019179 0.013530
   0.000647 0.001356 0.002709 0.003216 0.002685 0.002112 0.001635 0.001236 0.001125 0.001378 0.001824 0.002232 0.002706 0.003577 0.004789 0.005786 0.006655 0.007985 0.008542 0.005530 0.001554 0.001086 0.004060 0.007882 0.012786 0.023436 0.036614 0.047226 0.057952 0.071207 0.083091 0.089160 0.090504 0.089086 0.082798 0.070266 0.055780 0.043317 0.030805 0.016300
   0.000622 0.001132 0.001459 0.001393 0.001660 0.002151 0.002231 0.002043 0.002017 0.002126 0.002114 0.002012 0.002143 0.002699 0.003508 0.004456 0.005932 0.007560 0.006759 0.003058 0.001086 0.001603 0.002945 0.008125 0.029109 0.064553 0.091985 0.107975 0.123122 0.138111 0.145900 0.145660 0.142338 0.136075 0.122518 0.103019 0.084203 0.065926 0.041292 0.015105
   0.000706 0.000674 0.000486 0.000775 0.001858 0.002885 0.003144 0.003075 0.002944 0.002559 0.001949 0.001488 0.001460 0.001942 0.002934 0.004638 0.007237 0.009399 0.008575 0.005875 0.004060 0.002945 0.006396 0.032376 0.092922 0.149800 0.177024 0.190671 0.202839 0.208393 0.203426 0.194307 0.186154 0.175087 0.156732 0.135134 0.114364 0.087192 0.047343 0.013535
   0.000736 0.000268 0.000200 0.000934 0.002438 0.003513 0.003895 0.003891 0.003380 0.002392 0.001448 0.000983 0.001139 0.002073 0.004047 0.007401 0.012096 0.016297 0.017045 0.013445 0.007882 0.008125 0.032376 0.105491 0.193832 0.243673 0.260171 0.266507 0.265572 0.252982 0.234408 0.219471 0.209317 0.197494 0.180592 0.161537 0.138529 0.100490 0.049581 0.013770
   0.000522 0.000089 0.000231 0.001218 0.002648 0.003691 0.004230 0.004052 0.003027 0.001769 0.000985 0.000908 0.001744 0.003923 0.007682 0.013244 0.020306 0.025948 0.025047 0.017192 0.012786 0.029109 0.092922 0.193832 0.272161 0.306145 0.314484 0.307993 0.286795 0.257699 0.232766 0.218447 0.212515 0.207112 0.196444 0.179161 0.149883 0.101412 0.046767 0.013472
   0.000250 0.000053 0.000323 0.001261 0.002469 0.003494 0.003922 0.003317 0.002089 0.001167 0.000981 0.001780 0.004092 0.007996 0.013124 0.019401 0.025572 0.027426 0.022098 0.016155 0.023436 0.064553 0.149800 0.243673 0.306145 0.332468 0.329894 0.302974 0.264207 0.230225 0.209350 0.204108 0.210803 0.216330 0.209107 0.185512 0.143383 0.086739 0.036278 0.010516
   0.000105 0.000066 0.000378 0.001145 0.002121 0.002891 0.002872 0.002039 0.001227 0.001069 0.001898 0.004256 0.008113 0.012491 0.016744 0.020391 0.021525 0.018349 0.013856 0.015854 0.036614 0.091985 0.177024 0.260171 0.314484 0.329894 0.306898 0.262097 0.221705 0.197296 0.189601 0.201352 0.223717 0.233845 0.217589 0.176094 0.118118 0.060528 0.022009 0.006368
   0.000068 0.000109 0.000415 0.000996 0.001642 0.001932 0.001580 0.001037 0.000955 0.001767 0.003993 0.007557 0.011241 0.013952 0.015402 0.014990 0.012212 0.008853 0.008733 0.017630 0.047226 0.107975 0.190671 0.266507 0.307993 0.302974 0.262097 0.217521 0.192312 0.185797 0.197773 0.228205 0.255503 0.252347 0.212591 0.148847 0.082892 0.034947 0.010985 0.003391
   0.000087 0.000179 0.000445 0.000818 0.001092 0.001028 0.000744 0.000695 0.001324 0.003131 0.006097 0.009097 0.010916 0.011318 0.010315 0.007877 0.005162 0.004263 0.007653 0.021684 0.057952 0.123122 0.202839 0.265572 0.286795 0.264207 0.221705 0.192312 0.187805 0.204140 0.238376 0.275032 0.284688 0.252300 0.186173 0.110234 0.050792 0.018039 0.005229 0.002143
   0.000139 0.000253 0.000444 0.000619 0.000648 0.000525 0.000481 0.000841 0.002015 0.004118 0.006384 0.007692 0.007738 0.006819 0.005096 0.003123 0.002109 0.003227 0.009496 0.028637 0.071207 0.138111 0.208393 0.252982 0.257699 0.230225 0.197296 0.185797 0.204140 0.245313 0.289100 0.306920 0.282890 0.221320 0.141501 0.071404 0.028378 0.009164 0.002872 0.002082
   0.000193 0.000294 0.000403 0.000452 0.000410 0.000375 0.000536 0.001138 0.002340 0.003819 0.004789 0.004809 0.004132 0.003074 0.001879 0.001099 0.001363 0.004068 0.013380 0.037180 0.083091 0.145900 0.203426 0.234408 0.232766 0.209350 0.189601 0.197773 0.238376 0.289100 0.314756 0.297327 0.242078 0.165455 0.091511 0.040627 0.014919 0.004854 0.002039 0.002652
   0.000220 0.000293 0.000347 0.000350 0.000333 0.000394 0.000653 0.001201 0.001967 0.002598 0.002708 0.002309 0.001689 0.001045 0.000575 0.000566 0.001662 0.005944 0.017766 0.043972 0.089160 0.145660 0.194307 0.219471 0.218447 0.204108 0.201352 0.228205 0.275032 0.306920 0.297327 0.247941 0.175992 0.103671 0.050297 0.020681 0.007529 0.002739 0.001789 0.003309
   0.000215 0.000265 0.000295 0.000300 0.000322 0.000421 0.000631 0.000934 0.001231 0.001350 0.001194 0.000875 0.000549 0.000307 0.000248 0.000646 0.002503 0.007990 0.021018 0.047470 0.090504 0.142338 0.186154 0.209317 0.212515 0.210803 0.223717 0.255503 0.284688 0.282890 0.242078 0.175992 0.107144 0.054734 0.024316 0.009828 0.003752 0.001701 0.001723 0.003626
   0.000185 0.000219 0.000240 0.000255 0.000291 0.000364 0.000459 0.000547 0.000588 0.000545 0.000421 0.000280 0.000173 0.000135 0.000267 0.001009 0.003450 0.009515 0.022824 0.048666 0.089086 0.136075 0.175087 0.197494 0.207112 0.216330 0.233845 0.252347 0.252300 0.221320 0.165455 0.103671 0.054734 0.025421 0.011016 0.004577 0.001938 0.001203 0.001649 0.003473
   0.000141 0.000160 0.000174 0.000190 0.000219 0.000252 0.000266 0.000250 0.000217 0.000174 0.000128 0.000095 0.000085 0.000135 0.000407 0.001402 0.004111 0.010325 0.023392 0.047427 0.082798 0.122518 0.156732 0.180592 0.196444 0.209107 0.217589 0.212591 0.186173 0.141501 0.091511 0.050297 0.024316 0.011016 0.004881 0.002157 0.001104 0.000940 0.001447 0.002834
   0.000103 0.000108 0.000114 0.000127 0.000148 0.000159 0.000137 0.000097 0.000066 0.000051 0.000045 0.000051 0.000078 0.000176 0.000523 0.001589 0.004294 0.010296 0.022144 0.042171 0.070266 0.103019 0.135134 0.161537 0.179161 0.185512 0.176094 0.148847 0.110234 0.071404 0.040627 0.020681 0.009828 0.004577 0.002157 0.001105 0.000735 0.000740 0.001081 0.001854
   0.000097 0.000091 0.000083 0.000085 0.000103 0.000107 0.000078 0.000044 0.000027 0.000024 0.000028 0.000043 0.000081 0.000188 0.000519 0.001498 0.003970 0.009207 0.018661 0.033776 0.055780 0.084203 0.114364 0.138529 0.149883 0.143383 0.118118 0.082892 0.050792 0.028378 0.014919 0.007529 0.003752 0.001938 0.001104 0.000735 0.000578 0.000552 0.000669 0.000969
   0.000158 0.000117 0.000068 0.000055 0.000076 0.000086 0.000065 0.000042 0.000028 0.000023 0.000025 0.000037 0.000070 0.000155 0.000424 0.001245 0.003284 0.007306 0.014206 0.025619 0.043317 0.065926 0.087192 0.100490 0.101412 0.086739 0.060528 0.034947 0.018039 0.009164 0.004854 0.002739 0.001701 0.001203 0.000940 0.000740 0.000552 0.000417 0.000388 0.000500
   0.000315 0.000156 0.000042 0.000030 0.000067 0.000099 0.000095 0.000071 0.000044 0.000026 0.000022 0.000030 0.000054 0.000124 0.000356 0.001042 0.002594 0.005471 0.010566 0.019179 0.030805 0.041292 0.047343 0.049581 0.046767 0.036278 0.022009 0.010985 0.005229 0.002872 0.002039 0.001789 0.001723 0.001649 0.001447 0.001081 0.000669 0.000388 0.000302 0.000391
   0.000491 0.000140 0.000015 0.000029 0.000105 0.000173 0.000172 0.000116 0.000058 0.000029 0.000024 0.000035 0.000070 0.000172 0.000463 0.001125 0.002359 0.004587 0.008497 0.013530 0.016300 0.015105 0.013535 0.013770 0.013472 0.010516 0.006368 0.003391 0.002143 0.002082 0.002652 0.003309 0.003626 0.003473 0.002834 0.001854 0.000969 0.000500 0.000391 0.000483

   0.001236 0.001384 0.002002 0.002828 0.003013 0.002175 0.001004 0.000295 0.000098 0.000133 0.000282 0.000433 0.000479 0.000383 0.000210 0.000100 0.000130 0.000371 0.000823 0.001236 0.001356 0.001132 0.000674 0.000268 0.000089 0.000053 0.000066 0.000109 0.000179 0.000253 0.000294 0.000293 0.000265 0.000219 0.000160 0.000108 0.000091 0.000117 0.000156 0.000140
   0.001384 0.001612 0.002424 0.003160 0.002870 0.001682 0.000599 0.000139 0.000070 0.000156 0.000312 0.000403 0.000346 0.000184 0.000063 0.000061 0.000265 0.000850 0.001667 0.002181 0.001906 0.001058 0.000432 0.000286 0.000381 0.000482 0.000506 0.000515 0.000531 0.000520 0.000467 0.000397 0.000331 0.000265 0.000190 0.000124 0.000092 0.000077 0.000048 0.000015
   0.002002 0.002424 0.003260 0.003412 0.002386 0.001046 0.000274 0.000067 0.000089 0.000227 0.000368 0.000365 0.000216 0.000071 0.000038 0.000189 0.000852 0.002214 0.003636 0.003818 0.002578 0.001484 0.001451 0.002091 0.002453 0.002197 0.001755 0.001401 0.001110 0.000832 0.000602 0.000455 0.000377 0.000313 0.000234 0.000164 0.000119 0.000082 0.000042 0.000029
   0.002828 0.003160 0.003412 0.002707 0.001395 0.000435 0.000092 0.000059 0.000162 0.000337 0.000412 0.000295 0.000118 0.000042 0.000116 0.000625 0.002070 0.004272 0.005591 0.004727 0.003284 0.003353 0.004931 0.006164 0.005785 0.004604 0.003505 0.002564 0.001693 0.001009 0.000622 0.000477 0.000440 0.000393 0.000309 0.000234 0.000188 0.000153 0.000127 0.000151
   0.003013 0.002870 0.002386 0.001395 0.000507 0.000115 0.000046 0.000114 0.000292 0.000443 0.000397 0.000208 0.000076 0.000079 0.000339 0.001293 0.003236 0.005253 0.005569 0.004502 0.004384 0.006244 0.008610 0.009234 0.008222 0.006804 0.005281 0.003515 0.001885 0.000914 0.000578 0.000556 0.000580 0.000509 0.000384 0.000291 0.000247 0.000229 0.000240 0.000320
   0.002175 0.001682 0.001046 0.000435 0.000115 0.000043 0.000088 0.000241 0.000428 0.000471 0.000321 0.000148 0.000086 0.000174 0.000596 0.001651 0.003175 0.004135 0.003956 0.003801 0.005034 0.007512 0.009510 0.010005 0.009527 0.008368 0.006186 0.003437 0.001461 0.000715 0.000669 0.000805 0.000787 0.000592 0.000389 0.000269 0.000224 0.000228 0.000284 0.000398
   0.001004 0.000599 0.000274 0.000092 0.000046 0.000088 0.000218 0.000392 0.000484 0.000406 0.000243 0.000134 0.000128 0.000262 0.000650 0.001334 0.002005 0.002250 0.002283 0.002860 0.004488 0.006756 0.008633 0.009653 0.009684 0.008169 0.005127 0.002259 0.000959 0.000842 0.001152 0.001258 0.000974 0.000581 0.000307 0.000179 0.000146 0.000175 0.000246 0.000325
   0.000295 0.000139 0.000067 0.000059 0.000114 0.000241 0.000392 0.000476 0.000440 0.000325 0.000215 0.000160 0.000175 0.000279 0.000487 0.000734 0.000898 0.000985 0.001230 0.002002 0.003552 0.005577 0.007364 0.008320 0.007858 0.005645 0.002847 0.001285 0.001169 0.001806 0.002199 0.001805 0.001065 0.000490 0.000198 0.000096 0.000086 0.000122 0.000168 0.000187
   0.000098 0.000070 0.000089 0.000162 0.000292 0.000428 0.000484 0.000440 0.000358 0.000288 0.000238 0.000207 0.000212 0.000256 0.000314 0.000355 0.000390 0.000489 0.000804 0.001586 0.002961 0.004541 0.005634 0.005716 0.004531 0.002635 0.001422 0.001569 0.002847 0.003923 0.003508 0.002167 0.000994 0.000355 0.000113 0.000056 0.000065 0.000095 0.000106 0.000090
   0.000133 0.000156 0.000227 0.000337 0.000443 0.000471 0.000406 0.000325 0.000288 0.000283 0.000270 0.000250 0.000245 0.000254 0.000258 0.000264 0.000310 0.000461 0.000847 0.001611 0.002625 0.003392 0.003489 0.002841 0.001788 0.001155 0.001697 0.003848 0.006202 0.006239 0.004191 0.002031 0.000742 0.000216 0.000070 0.000054 0.000077 0.000094 0.000077 0.000045
   0.000282 0.000312 0.000368 0.000412 0.000397 0.000321 0.000243 0.000215 0.000238 0.000270 0.000280 0.000279 0.000291 0.000313 0.000338 0.000390 0.000515 0.000779 0.001244 0.001838 0.002262 0.002217 0.001709 0.001045 0.000737 0.001433 0.004149 0.008010 0.009334 0.007055 0.003744 0.001468 0.000440 0.000124 0.000067 0.000087 0.000118 0.000115 0.000070 0.000029
   0.000433 0.000403 0.000365 0.000295 0.000208 0.000148 0.000134 0.000160 0.000207 0.000250 0.000279 0.000315 0.000374 0.000458 0.000575 0.000760 0.001047 0.001432 0.001832 0.002064 0.001932 0.001435 0.000840 0.000567 0.001141 0.003770 0.008522 0.011638 0.010193 0.006156 0.002685 0.000862 0.000227 0.000093 0.000108 0.000166 0.000197 0.000159 0.000078 0.000028
   0.000479 0.000346 0.000216 0.000118 0.000076 0.000086 0.000128 0.000175 0.000212 0.000245 0.000291 0.000374 0.000512 0.000722 0.001030 0.001445 0.001900 0.002284 0.002488 0.002401 0.001953 0.001299 0.000874 0.001228 0.003402 0.008116 0.012662 0.012948 0.009119 0.004578 0.001640 0.000431 0.000134 0.000136 0.000245 0.000358 0.000372 0.000264 0.000123 0.000056
   0.000383 0.000184 0.000071 0.000042 0.000079 0.000174 0.000262 0.000279 0.000256 0.000254 0.000313 0.000458 0.000722 0.001148 0.001740 0.002384 0.002915 0.003268 0.003415 0.003215 0.002604 0.001957 0.002000 0.003672 0.007877 0.013166 0.015349 0.012485 0.007194 0.002917 0.000827 0.000227 0.000196 0.000403 0.000707 0.000896 0.000830 0.000561 0.000287 0.000175
   0.000210 0.000063 0.000038 0.000116 0.000339 0.000596 0.000650 0.000487 0.000314 0.000258 0.000338 0.000575 0.001030 0.001740 0.002593 0.003383 0.004049 0.004633 0.004963 0.004711 0.004030 0.003755 0.004959 0.008643 0.014352 0.018369 0.016794 0.010751 0.004782 0.001504 0.000454 0.000381 0.000782 0.001477 0.002103 0.002308 0.001998 0.001380 0.000804 0.000543
   0.000100 0.000061 0.000189 0.000625 0.001293 0.001651 0.001334 0.000734 0.000355 0.000264 0.000390 0.000760 0.001445 0.002384 0.003383 0.004385 0.005497 0.006561 0.007031 0.006773 0.006569 0.007547 0.010784 0.016653 0.022546 0.022918 0.016164 0.007760 0.002704 0.001005 0.000924 0.001728 0.003143 0.004607 0.005510 0.005528 0.004701 0.003383 0.002125 0.001420
   0.000130 0.000265 0.000852 0.002070 0.003236 0.003175 0.002005 0.000898 0.000390 0.000310 0.000515 0.001047 0.001900 0.002915 0.004049 0.005497 0.007219 0.008586 0.009240 0.009878 0.011428 0.014435 0.019451 0.025972 0.029090 0.023318 0.012661 0.005172 0.002447 0.002429 0.004042 0.006770 0.009692 0.011855 0.012764 0.012256 0.010362 0.007593 0.004946 0.003312
   0.000371 0.000850 0.002214 0.004272 0.005253 0.004135 0.002250 0.000985 0.000489 0.000461 0.000779 0.001432 0.002284 0.003268 0.004633 0.006561 0.008586 0.010252 0.012267 0.015507 0.019234 0.022179 0.025570 0.029252 0.027086 0.017836 0.009516 0.006160 0.006575 0.009693 0.014834 0.020506 0.024936 0.027376 0.027760 0.025737 0.021248 0.015621 0.010666 0.007302
   0.000823 0.001667 0.003636 0.005591 0.005569 0.003956 0.002283 0.001230 0.000804 0.000847 0.001244 0.001832 0.002488 0.003415 0.004963 0.007031 0.009240 0.012267 0.017360 0.023146 0.024768 0.022253 0.021415 0.021314 0.017667 0.013974 0.014084 0.017535 0.023654 0.032664 0.043259 0.052082 0.057123 0.058792 0.056984 0.050594 0.040724 0.030725 0.022197 0.014535
   0.001236 0.002181 0.003818 0.004727 0.004502 0.003801 0.002860 0.002002 0.001586 0.001611 0.001838 0.002064 0.002401 0.003215 0.004711 0.006773 0.009878 0.015507 0.023146 0.026029 0.019809 0.013228 0.011386 0.011617 0.015719 0.027668 0.043404 0.056957 0.070635 0.087127 0.102508 0.111595 0.114533 0.112962 0.105218 0.090493 0.073543 0.058618 0.043084 0.024056
   0.001356 0.001906 0.002578 0.003284 0.004384 0.005034 0.004488 0.003552 0.002961 0.002625 0.002262 0.001932 0.001953 0.002604 0.004030 0.006569 0.011428 0.019234 0.024768 0.019809 0.010335 0.006074 0.006853 0.016719 0.048388 0.094686 0.127383 0.144948 0.162349 0.181545 0.193915 0.196483 0.193518 0.185397 0.168407 0.145402 0.124443 0.104407 0.073300 0.033156
   0.001132 0.001058 0.001484 0.003353 0.006244 0.007512 0.006756 0.005577 0.004541 0.003392 0.002217 0.001435 0.001299 0.001957 0.003755 0.007547 0.014435 0.022179 0.022253 0.013228 0.006074 0.005618 0.019069 0.074069 0.171374 0.245465 0.269065 0.275815 0.287191 0.296329 0.294254 0.285016 0.274116 0.258095 0.234501 0.211025 0.192624 0.164257 0.106190 0.041011
   0.000674 0.000432 0.001451 0.004931 0.008610 0.009510 0.008633 0.007364 0.005634 0.003489 0.001709 0.000840 0.000874 0.002000 0.004959 0.010784 0.019451 0.025570 0.021415 0.011386 0.006853 0.019069 0.087511 0.237681 0.378234 0.426057 0.418532 0.409562 0.405495 0.392714 0.370886 0.350173 0.332928 0.313504 0.292728 0.278521 0.264802 0.220086 0.129809 0.044873
   0.000268 0.000286 0.002091 0.006164 0.009234 0.010005 0.009653 0.008320 0.005716 0.002841 0.001045 0.000567 0.001228 0.003672 0.008643 0.016653 0.025972 0.029252 0.021314 0.011617 0.016719 0.074069 0.237681 0.440028 0.544922 0.548967 0.525769 0.504746 0.475158 0.433399 0.394207 0.369690 0.356945 0.346877 0.338632 0.334598 0.316093 0.245397 0.129429 0.038907
   0.000089 0.000381 0.002453 0.005785 0.008222 0.009527 0.009684 0.007858 0.004531 0.001788 0.000737 0.001141 0.003402 0.007877 0.014352 0.022546 0.029090 0.027086 0.017667 0.015719 0.048388 0.171374 0.378234 0.544922 0.603428 0.599229 0.574300 0.525832 0.454007 0.385209 0.345003 0.339468 0.354593 0.368222 0.371961 0.363937 0.321580 0.221712 0.100599 0.025647
   0.000053 0.000482 0.002197 0.004604 0.006804 0.008368 0.008169 0.005645 0.002635 0.001155 0.001433 0.003770 0.008116 0.013166 0.018369 0.022918 0.023318 0.017836 0.013974 0.027668 0.094686 0.245465 0.426057 0.548967 0.599229 0.599078 0.544589 0.438770 0.329773 0.264133 0.255917 0.298851 0.359061 0.392958 0.389906 0.353601 0.273829 0.159120 0.060354 0.013709
   0.000066 0.000506 0.001755 0.003505 0.005281 0.006186 0.005127 0.002847 0.001422 0.001697 0.004149 0.008522 0.012662 0.015349 0.016794 0.016164 0.012661 0.009516 0.014084 0.043404 0.127383 0.269065 0.418532 0.525769 0.574300 0.544589 0.425838 0.278810 0.183202 0.160201 0.207522 0.308847 0.398642 0.420854 0.382280 0.302197 0.194433 0.092101 0.029343 0.006660
   0.000109 0.000515 0.001401 0.002564 0.003515 0.003437 0.002259 0.001285 0.001569 0.003848 0.008010 0.011638 0.012948 0.012485 0.010751 0.007760 0.005172 0.006160 0.017535 0.056957 0.144948 0.275815 0.409562 0.504746 0.525832 0.438770 0.278810 0.152156 0.108465 0.142413 0.252839 0.389771 0.456609 0.427899 0.340114 0.226072 0.118199 0.045889 0.012930 0.003578
   0.000179 0.000531 0.001110 0.001693 0.001885 0.001461 0.000959 0.001169 0.002847 0.006202 0.009334 0.010193 0.009119 0.007194 0.004782 0.002704 0.002447 0.006575 0.023654 0.070635 0.162349 0.287191 0.405495 0.475158 0.454007 0.329773 0.183202 0.108465 0.122843 0.225568 0.381994 0.486679 0.478829 0.390690 0.268446 0.149192 0.064661 0.021750 0.006127 0.002864
   0.000253 0.000520 0.000832 0.001009 0.000914 0.000715 0.000842 0.001806 0.003923 0.006239 0.007055 0.006156 0.004578 0.002917 0.001504 0.001005 0.002429 0.009693 0.032664 0.087127 0.181545 0.296329 0.392714 0.433399 0.385209 0.264133 0.160201 0.142413 0.225568 0.380971 0.504278 0.515039 0.433790 0.311264 0.184841 0.087680 0.033453 0.010777 0.003749 0.003537
   0.000294 0.000467 0.000602 0.000622 0.000578 0.000669 0.001152 0.002199 0.003508 0.004191 0.003744 0.002685 0.001640 0.000827 0.000454 0.000924 0.004042 0.014834 0.043259 0.102508 0.193915 0.294254 0.370886 0.394207 0.345003 0.255917 0.207522 0.252839 0.381994 0.504278 0.527398 0.455167 0.337771 0.212624 0.109641 0.046485 0.017011 0.005921 0.003105 0.004849
   0.000293 0.000397 0.000455 0.000477 0.000556 0.000805 0.001258 0.001805 0.002167 0.002031 0.001468 0.000862 0.000431 0.000227 0.000381 0.001728 0.006770 0.020506 0.052082 0.111595 0.196483 0.285016 0.350173 0.369690 0.339468 0.298851 0.308847 0.389771 0.486679 0.515039 0.455167 0.345487 0.225176 0.123113 0.056701 0.023082 0.008804 0.003683 0.003032 0.005927
   0.000265 0.000331 0.000377 0.000440 0.000580 0.000787 0.000974 0.001065 0.000994 0.000742 0.000440 0.000227 0.000134 0.000196 0.000782 0.003143 0.009692 0.024936 0.057123 0.114533 0.193518 0.274116 0.332928 0.356945 0.354593 0.359061 0.398642 0.456609 0.478829 0.433790 0.337771 0.225176 0.127109 0.061591 0.027063 0.011387 0.004778 0.002575 0.003021 0.006288
   0.000219 0.000265 0.000313 0.000393 0.000509 0.000592 0.000581 0.000490 0.000355 0.000216 0.000124 0.000093 0.000136 0.000403 0.001477 0.004607 0.011855 0.027376 0.058792 0.112962 0.185397 0.258095 0.313504 0.346877 0.368222 0.392958 0.420854 0.427899 0.390690 0.311264 0.212624 0.123113 0.061591 0.028358 0.012826 0.005777 0.002751 0.001970 0.002866 0.005851
   0.000160 0.000190 0.000234 0.000309 0.000384 0.000389 0.000307 0.000198 0.000113 0.000070 0.000067 0.000108 0.000245 0.000707 0.002103 0.005510 0.012764 0.027760 0.056984 0.105218 0.168407 0.234501 0.292728 0.338632 0.371961 0.389906 0.382280 0.340114 0.268446 0.184841 0.109641 0.056701 0.027063 0.012826 0.006170 0.003007 0.001714 0.001575 0.002452 0.004608
   0.000108 0.000124 0.000164 0.000234 0.000291 0.000269 0.000179 0.000096 0.000056 0.000054 0.000087 0.000166 0.000358 0.000896 0.002308 0.005528 0.012256 0.025737 0.050594 0.090493 0.145402 0.211025 0.278521 0.334598 0.363937 0.353601 0.302197 0.226072 0.149192 0.087680 0.046485 0.023082 0.011387 0.005777 0.003007 0.001689 0.001196 0.001240 0.001800 0.002970
   0.000091 0.000092 0.000119 0.000188 0.000247 0.000224 0.000146 0.000086 0.000065 0.000077 0.000118 0.000197 0.000372 0.000830 0.001998 0.004701 0.010362 0.021248 0.040724 0.073543 0.124443 0.192624 0.264802 0.316093 0.321580 0.273829 0.194433 0.118199 0.064661 0.033453 0.017011 0.008804 0.004778 0.002751 0.001714 0.001196 0.000965 0.000944 0.001160 0.001698
   0.000117 0.000077 0.000082 0.000153 0.000229 0.000228 0.000175 0.000122 0.000095 0.000094 0.000115 0.000159 0.000264 0.000561 0.001380 0.003383 0.007593 0.015621 0.030725 0.058618 0.104407 0.164257 0.220086 0.245397 0.221712 0.159120 0.092101 0.045889 0.021750 0.010777 0.005921 0.003683 0.002575 0.001970 0.001575 0.001240 0.000944 0.000765 0.000791 0.001092
   0.000156 0.000048 0.000042 0.000127 0.000240 0.000284 0.000246 0.000168 0.000106 0.000077 0.000070 0.000078 0.000123 0.000287 0.000804 0.002125 0.004946 0.010666 0.022197 0.043084 0.073300 0.106190 0.129809 0.129429 0.100599 0.060354 0.029343 0.012930 0.006127 0.003749 0.003105 0.003032 0.003021 0.002866 0.002452 0.001800 0.001160 0.000791 0.000737 0.000913
   0.000140 0.000015 0.000029 0.000151 0.000320 0.000398 0.000325 0.000187 0.000090 0.000045 0.000029 0.000028 0.000056 0.000175 0.000543 0.001420 0.003312 0.007302 0.014535 0.024056 0.033156 0.041011 0.044873 0.038907 0.025647 0.013709 0.006660 0.003578 0.002864 0.003537 0.004849 0.005927 0.006288 0.005851 0.004608 0.002970 0.001698 0.001092 0.000913 0.000832

   0.001479 0.002002 0.003132 0.003926 0.003371 0.001894 0.000670 0.000164 0.000081 0.000157 0.000297 0.000377 0.000325 0.000181 0.000071 0.000082 0.000338 0.001084 0.002218 0.003035 0.002709 0.001459 0.000486 0.000200 0.000231 0.000323 0.000378 0.000415 0.000445 0.000444 0.000403 0.000347 0.000295 0.000240 0.000174 0.000114 0.000083 0.000068 0.000042 0.000015
   0.002002 0.002424 0.003260 0.003412 0.002386 0.001046 0.000274 0.000067 0.000089 0.000227 0.000368 0.000365 0.000216 0.000071 0.000038 0.000189 0.000852 0.002214 0.003636 0.003818 0.002578 0.001484 0.001451 0.002091 0.002453 0.002197 0.001755 0.001401 0.001110 0.000832 0.000602 0.000455 0.000377 0.000313 0.000234 0.000164 0.000119 0.000082 0.000042 0.000029
   0.003132 0.003260 0.003403 0.002698 0.001408 0.000445 0.000096 0.000066 0.000185 0.000385 0.000469 0.000335 0.000134 0.000045 0.000116 0.000624 0.002051 0.004184 0.005457 0.004765 0.003780 0.004580 0.007006 0.008463 0.007547 0.005700 0.004165 0.002988 0.001970 0.001178 0.000720 0.000542 0.000492 0.000438 0.000351 0.000277 0.000235 0.000199 0.000168 0.000187
   0.003926 0.003412 0.002698 0.001563 0.000577 0.000137 0.000062 0.000158 0.000392 0.000582 0.000518 0.000275 0.000103 0.000097 0.000382 0.001430 0.003557 0.005773 0.006327 0.005869 0.007184 0.011345 0.015241 0.015226 0.012483 0.009632 0.007216 0.004796 0.002599 0.001246 0.000745 0.000685 0.000706 0.000632 0.000506 0.000425 0.000403 0.000406 0.000430 0.000522
   0.003371 0.002386 0.001408 0.000577 0.000157 0.000064 0.000138 0.000370 0.000638 0.000688 0.000471 0.000227 0.000132 0.000234 0.000757 0.002096 0.004086 0.005508 0.005868 0.006977 0.010804 0.016187 0.019045 0.018224 0.016019 0.013566 0.010104 0.005738 0.002387 0.001012 0.000823 0.000980 0.000987 0.000788 0.000586 0.000493 0.000500 0.000568 0.000686 0.000842
   0.001894 0.001046 0.000445 0.000137 0.000064 0.000130 0.000341 0.000623 0.000764 0.000637 0.000387 0.000219 0.000196 0.000370 0.000923 0.001972 0.003128 0.003861 0.004670 0.006948 0.011267 0.015795 0.018266 0.018887 0.018485 0.016015 0.010482 0.004523 0.001469 0.000876 0.001171 0.001382 0.001148 0.000768 0.000515 0.000431 0.000475 0.000606 0.000770 0.000883
   0.000670 0.000274 0.000096 0.000062 0.000138 0.000341 0.000604 0.000765 0.000713 0.000518 0.000333 0.000235 0.000239 0.000385 0.000733 0.001230 0.001700 0.002202 0.003269 0.005627 0.009321 0.013182 0.016159 0.018080 0.017953 0.013804 0.006912 0.002193 0.000975 0.001364 0.001901 0.001701 0.001086 0.000595 0.000361 0.000318 0.000402 0.000548 0.000662 0.000663
   0.000164 0.000067 0.000066 0.000158 0.000370 0.000623 0.000765 0.000728 0.000586 0.000438 0.000326 0.000254 0.000240 0.000299 0.000419 0.000566 0.000767 0.001190 0.002192 0.004222 0.007250 0.010477 0.013092 0.014304 0.012501 0.007380 0.002704 0.001215 0.001835 0.002926 0.002820 0.001786 0.000869 0.000392 0.000235 0.000254 0.000368 0.000484 0.000509 0.000424
   0.000081 0.000089 0.000185 0.000392 0.000638 0.000764 0.000713 0.000586 0.000484 0.000417 0.000344 0.000269 0.000225 0.000219 0.000232 0.000277 0.000417 0.000793 0.001677 0.003332 0.005515 0.007474 0.008542 0.007966 0.005275 0.002284 0.001338 0.002596 0.004795 0.005053 0.003298 0.001534 0.000583 0.000242 0.000194 0.000284 0.000417 0.000482 0.000419 0.000274
   0.000157 0.000227 0.000385 0.000582 0.000688 0.000637 0.000518 0.000438 0.000417 0.000400 0.000342 0.000271 0.000225 0.000207 0.000212 0.000262 0.000421 0.000806 0.001584 0.002730 0.003801 0.004286 0.003913 0.002629 0.001248 0.001072 0.003089 0.006932 0.008328 0.005911 0.002818 0.001010 0.000332 0.000186 0.000254 0.000418 0.000551 0.000542 0.000382 0.000185
   0.000297 0.000368 0.000469 0.000518 0.000471 0.000387 0.000333 0.000326 0.000344 0.000342 0.000306 0.000270 0.000263 0.000284 0.000335 0.000447 0.000676 0.001087 0.001664 0.002173 0.002283 0.001876 0.001125 0.000516 0.000678 0.002935 0.008052 0.011355 0.009206 0.004813 0.001776 0.000522 0.000205 0.000237 0.000432 0.000657 0.000750 0.000630 0.000359 0.000127
   0.000377 0.000365 0.000335 0.000275 0.000227 0.000219 0.000235 0.000254 0.000269 0.000271 0.000270 0.000294 0.000359 0.000463 0.000618 0.000846 0.001158 0.001512 0.001776 0.001755 0.001362 0.000773 0.000369 0.000568 0.002598 0.007877 0.012846 0.012203 0.007383 0.003036 0.000897 0.000263 0.000222 0.000445 0.000799 0.001068 0.001071 0.000780 0.000373 0.000104
   0.000325 0.000216 0.000134 0.000103 0.000132 0.000196 0.000239 0.000240 0.000225 0.000225 0.000263 0.000359 0.000523 0.000762 0.001081 0.001447 0.001784 0.002011 0.002031 0.001756 0.001248 0.000835 0.001022 0.002826 0.007573 0.013217 0.014458 0.010291 0.004935 0.001616 0.000419 0.000238 0.000489 0.001052 0.001655 0.001952 0.001750 0.001153 0.000514 0.000153
   0.000181 0.000071 0.000045 0.000097 0.000234 0.000370 0.000385 0.000299 0.000219 0.000207 0.000284 0.000463 0.000762 0.001187 0.001688 0.002155 0.002513 0.002747 0.002790 0.002574 0.002293 0.002539 0.004288 0.008597 0.014361 0.017063 0.013864 0.007652 0.002843 0.000771 0.000350 0.000657 0.001568 0.002798 0.003760 0.003945 0.003258 0.002075 0.000982 0.000378
   0.000071 0.000038 0.000116 0.000382 0.000757 0.000923 0.000733 0.000419 0.000232 0.000212 0.000335 0.000618 0.001081 0.001688 0.002325 0.002919 0.003512 0.004097 0.004532 0.004846 0.005579 0.007717 0.012205 0.018374 0.022274 0.019693 0.012044 0.004971 0.001520 0.000710 0.001168 0.002683 0.004952 0.007143 0.008323 0.007998 0.006379 0.004179 0.002206 0.001037
   0.000082 0.000189 0.000624 0.001430 0.002096 0.001972 0.001230 0.000566 0.000277 0.000262 0.000447 0.000846 0.001447 0.002155 0.002919 0.003848 0.005036 0.006349 0.007735 0.009750 0.013405 0.019416 0.026916 0.032096 0.029734 0.019734 0.009091 0.003316 0.001808 0.002605 0.005207 0.009133 0.013260 0.016236 0.017100 0.015684 0.012530 0.008589 0.004988 0.002671
   0.000338 0.000852 0.002051 0.003557 0.004086 0.003128 0.001700 0.000767 0.000417 0.000421 0.000676 0.001158 0.001784 0.002513 0.003512 0.005036 0.007093 0.009668 0.013537 0.020154 0.029959 0.040407 0.046468 0.043260 0.030497 0.015992 0.007472 0.005126 0.006671 0.011206 0.017952 0.025302 0.031232 0.034299 0.033996 0.030469 0.024428 0.017348 0.010973 0.006519
   0.001084 0.002214 0.004184 0.005773 0.005508 0.003861 0.002202 0.001190 0.000793 0.000806 0.001087 0.001512 0.002011 0.002747 0.004097 0.006349 0.009668 0.015083 0.024979 0.040526 0.056384 0.062628 0.055437 0.039148 0.023059 0.014652 0.013869 0.018113 0.026147 0.037573 0.050681 0.062008 0.068858 0.070636 0.067326 0.058926 0.047052 0.034808 0.024051 0.014973
   0.002218 0.003636 0.005457 0.006327 0.005868 0.004670 0.003269 0.002192 0.001677 0.001584 0.001664 0.001776 0.002031 0.002790 0.004532 0.007735 0.013537 0.024979 0.045159 0.068153 0.076313 0.062930 0.041206 0.025928 0.023657 0.033259 0.048303 0.063670 0.081235 0.102511 0.122851 0.136115 0.140980 0.138502 0.127935 0.109697 0.088938 0.070308 0.051975 0.031004
   0.003035 0.003818 0.004765 0.005869 0.006977 0.006948 0.005627 0.004222 0.003332 0.002730 0.002173 0.001755 0.001756 0.002574 0.004846 0.009750 0.020154 0.040526 0.068153 0.081972 0.066613 0.040193 0.026465 0.035435 0.071703 0.119207 0.152243 0.174054 0.199501 0.228459 0.249653 0.257617 0.255423 0.243865 0.220602 0.190234 0.162952 0.139159 0.105044 0.056937
   0.002709 0.002578 0.003780 0.007184 0.010804 0.011267 0.009321 0.007250 0.005515 0.003801 0.002283 0.001362 0.001248 0.002293 0.005579 0.013405 0.029959 0.056384 0.076313 0.066613 0.039846 0.028052 0.051871 0.135510 0.254297 0.330268 0.351314 0.363062 0.387326 0.411508 0.420166 0.414491 0.399985 0.374404 0.337995 0.303825 0.281551 0.253876 0.187047 0.092505
   0.001459 0.001484 0.004580 0.011345 0.016187 0.015795 0.013182 0.010477 0.007474 0.004286 0.001876 0.000773 0.000835 0.002539 0.007717 0.019416 0.040407 0.062628 0.062930 0.040193 0.028052 0.061471 0.197422 0.425939 0.594101 0.626117 0.602931 0.598316 0.612914 0.618301 0.604228 0.579448 0.547820 0.506997 0.466498 0.445408 0.439946 0.399818 0.277012 0.124236
   0.000486 0.001451 0.007006 0.015241 0.019045 0.018266 0.016159 0.013092 0.008542 0.003913 0.001125 0.000369 0.001022 0.004288 0.012205 0.026916 0.046468 0.055437 0.041206 0.026465 0.051871 0.197422 0.511876 0.816375 0.918519 0.879485 0.838085 0.833111 0.830152 0.801596 0.756706 0.711925 0.667637 0.622112 0.591611 0.592104 0.594157 0.514134 0.320190 0.123755
   0.000200 0.002091 0.008463 0.015226 0.018224 0.018887 0.018080 0.014304 0.007966 0.002629 0.000516 0.000568 0.002826 0.008597 0.018374 0.032096 0.043260 0.039148 0.025928 0.035435 0.135510 0.425939 0.816375 1.050678 1.077784 1.042569 1.029560 1.011145 0.947253 0.857742 0.788492 0.754793 0.735198 0.710640 0.695005 0.698106 0.667348 0.517728 0.275526 0.087497
   0.000231 0.002453 0.007547 0.012483 0.016019 0.018485 0.017953 0.012501 0.005275 0.001248 0.000678 0.002598 0.007573 0.014361 0.022274 0.029734 0.030497 0.023059 0.023657 0.071703 0.254297 0.594101 0.918519 1.077784 1.124912 1.146627 1.118544 0.986374 0.800393 0.668774 0.644109 0.703166 0.765950 0.775743 0.752948 0.714076 0.608573 0.400790 0.176191 0.046699
   0.000323 0.002197 0.005700 0.009632 0.013566 0.016015 0.013804 0.007380 0.002284 0.001072 0.002935 0.007877 0.013217 0.017063 0.019693 0.019734 0.015992 0.014652 0.033259 0.119207 0.330268 0.626117 0.879485 1.042569 1.146627 1.150445 0.960281 0.645916 0.409705 0.347911 0.456256 0.665163 0.812738 0.818176 0.742884 0.626005 0.450132 0.242995 0.088532 0.021537
   0.000378 0.001755 0.004165 0.007216 0.010104 0.010482 0.006912 0.002704 0.001338 0.003089 0.008052 0.012846 0.014458 0.013864 0.012044 0.009091 0.007472 0.013869 0.048303 0.152243 0.351314 0.602931 0.838085 1.029560 1.118544 0.960281 0.566968 0.227676 0.107609 0.170734 0.426894 0.751092 0.887794 0.814932 0.658339 0.472783 0.278252 0.122870 0.038851 0.010150
   0.000415 0.001401 0.002988 0.004796 0.005738 0.004523 0.002193 0.001215 0.002596 0.006932 0.011355 0.012203 0.010291 0.007652 0.004971 0.003316 0.005126 0.018113 0.063670 0.174054 0.363062 0.598316 0.833111 1.011145 0.986374 0.645916 0.227676 0.041122 0.042808 0.230422 0.627207 0.924740 0.919159 0.737970 0.520710 0.314164 0.152059 0.057169 0.017234 0.006138
