CRYSTAL
PRIMVEC
 2.73823450000000 2.73823450000000 0.00000000000000
 0.00000000000000 2.73823450000000 2.73823450000000
 2.73823450000000 0.00000000000000 2.73823450000000
PRIMCOORD
 2 1
 14     0.00000000000000     0.00000000000000     0.00000000000000
 14     1.36911720000000     1.36911720000000     1.36911720000000
BEGIN_BLOCK_DATAGRID_3D
 data
 BEGIN_DATAGRID_3Dgrid#1
  40 40 40
  -5.750292 -5.750292 -5.750292
  5.339557 5.339557 0.000000
  0.000000 5.339557 5.339557
  5.339557 0.000000 5.339557
   0.015878 0.023727 0.031978 0.032425 0.025376 0.017742 0.014519 0.014231 0.013202 0.009957 0.005904 0.003112 0.002318 0.003917 0.008776 0.016268 0.022911 0.027204 0.031972 0.038420 0.040104 0.029432 0.017575 0.022571 0.036402 0.040352 0.033345 0.023523 0.014909 0.008401 0.004389 0.002441 0.001719 0.001737 0.002215 0.002910 0.003780 0.005049 0.007195 0.012130
   0.023727 0.029379 0.031871 0.026982 0.019572 0.015591 0.015629 0.015940 0.013626 0.009084 0.004795 0.002399 0.002384 0.005505 0.012120 0.019808 0.025329 0.029322 0.033829 0.035914 0.029940 0.023549 0.033076 0.051547 0.056857 0.046437 0.032300 0.021041 0.012863 0.007249 0.003994 0.002457 0.001949 0.002065 0.002555 0.003294 0.004395 0.006369 0.010198 0.015728
   0.031978 0.031871 0.025956 0.017974 0.014556 0.016016 0.018123 0.017266 0.013042 0.007733 0.003703 0.002037 0.003537 0.008793 0.016329 0.022851 0.027208 0.030438 0.031302 0.028206 0.030584 0.051073 0.075900 0.078582 0.060164 0.039691 0.025968 0.017226 0.010888 0.006524 0.004186 0.003331 0.003228 0.003352 0.003593 0.004193 0.005733 0.008968 0.013607 0.016427
   0.032425 0.026982 0.017974 0.013816 0.016170 0.019870 0.020466 0.017106 0.011611 0.006373 0.003003 0.002715 0.006274 0.012638 0.018952 0.023303 0.025613 0.025348 0.023890 0.032304 0.060921 0.091630 0.093729 0.069363 0.043769 0.028716 0.020726 0.014830 0.009931 0.007002 0.006142 0.006211 0.005998 0.005259 0.004665 0.004949 0.006727 0.009756 0.012409 0.012652
   0.025376 0.019572 0.014556 0.016170 0.020615 0.022456 0.020148 0.015198 0.009681 0.005127 0.003104 0.004893 0.009709 0.014853 0.018389 0.020028 0.019522 0.018532 0.026812 0.054618 0.087707 0.095142 0.073205 0.046474 0.030454 0.022929 0.017820 0.013087 0.010290 0.010278 0.011332 0.011056 0.008898 0.006391 0.005023 0.005244 0.006849 0.008951 0.010586 0.011134
   0.017742 0.015591 0.016016 0.019870 0.022456 0.021266 0.017272 0.012349 0.007648 0.004479 0.004586 0.007816 0.011562 0.013827 0.014623 0.014299 0.013982 0.019687 0.039623 0.067739 0.081331 0.070015 0.048551 0.032770 0.024521 0.019345 0.014948 0.012951 0.014854 0.018173 0.018625 0.014942 0.009830 0.006346 0.005217 0.005822 0.007411 0.009308 0.010681 0.010987
   0.014520 0.015629 0.018123 0.020466 0.020148 0.017272 0.013356 0.009405 0.006205 0.005222 0.006941 0.009375 0.010527 0.010513 0.010209 0.010524 0.014446 0.026587 0.045678 0.060175 0.059743 0.047778 0.034731 0.025615 0.019524 0.015256 0.014267 0.018453 0.025123 0.027732 0.023221 0.015232 0.009031 0.006416 0.006337 0.007502 0.009089 0.010290 0.010307 0.009724
   0.014231 0.015940 0.017266 0.017106 0.015198 0.012349 0.009405 0.007034 0.006091 0.006863 0.008097 0.008368 0.007809 0.007377 0.007908 0.010859 0.018214 0.029688 0.040816 0.045766 0.042504 0.034172 0.025328 0.018415 0.014223 0.014125 0.020052 0.030120 0.036374 0.032621 0.022130 0.012777 0.008362 0.007756 0.008767 0.010065 0.010826 0.010477 0.009299 0.008576
   0.013202 0.013626 0.013042 0.011611 0.009681 0.007648 0.006205 0.006091 0.006971 0.007486 0.006945 0.005955 0.005368 0.005776 0.007997 0.012810 0.019734 0.026955 0.032341 0.033821 0.030239 0.023195 0.016381 0.012548 0.013124 0.019833 0.032291 0.042878 0.041753 0.029603 0.016742 0.010250 0.009415 0.010816 0.012253 0.012802 0.012077 0.010442 0.008957 0.008231
   0.009957 0.009084 0.007733 0.006373 0.005127 0.004479 0.005222 0.006863 0.007486 0.006387 0.004829 0.003982 0.004160 0.005673 0.008878 0.013339 0.017941 0.021950 0.024555 0.023947 0.019479 0.013974 0.011049 0.012335 0.019192 0.032630 0.046946 0.049730 0.037148 0.020567 0.011527 0.010730 0.013246 0.015457 0.016130 0.015151 0.013000 0.010717 0.009126 0.008088
   0.005904 0.004795 0.003703 0.003003 0.003104 0.004586 0.006941 0.008097 0.006945 0.004829 0.003453 0.003303 0.004267 0.006245 0.009014 0.012003 0.014769 0.016957 0.017370 0.015003 0.011430 0.009844 0.012063 0.019150 0.032620 0.049066 0.055875 0.044562 0.024981 0.012835 0.011710 0.015648 0.019210 0.020377 0.019219 0.016574 0.013531 0.010971 0.009277 0.008051
   0.003112 0.002399 0.002037 0.002715 0.004893 0.007816 0.009375 0.008368 0.005955 0.003982 0.003303 0.003835 0.005030 0.006489 0.008169 0.010042 0.011709 0.012200 0.010962 0.009032 0.008695 0.011772 0.019325 0.032651 0.049748 0.059764 0.051582 0.031111 0.015730 0.013076 0.017917 0.023197 0.025535 0.024576 0.021508 0.017784 0.014387 0.011694 0.009961 0.008662
   0.002318 0.002384 0.003537 0.006274 0.009709 0.011562 0.010527 0.007809 0.005368 0.004160 0.004267 0.005030 0.005679 0.006247 0.007257 0.008502 0.008923 0.008185 0.007255 0.007765 0.011332 0.019183 0.032460 0.049707 0.062213 0.058599 0.040030 0.022019 0.016160 0.020587 0.027826 0.032542 0.032892 0.029770 0.025274 0.020944 0.017200 0.014130 0.012127 0.010638
   0.003917 0.005505 0.008793 0.012638 0.014853 0.013827 0.010513 0.007377 0.005776 0.005673 0.006245 0.006489 0.006247 0.006322 0.006971 0.007206 0.006678 0.006264 0.007297 0.011107 0.018960 0.032242 0.049921 0.065007 0.067035 0.052875 0.033380 0.022815 0.025048 0.034224 0.042825 0.046253 0.043920 0.038362 0.032453 0.027282 0.022736 0.018954 0.016585 0.014781
   0.008776 0.012120 0.016329 0.018952 0.018389 0.014623 0.010209 0.007908 0.007997 0.008878 0.009013 0.008169 0.007257 0.006971 0.006680 0.006058 0.005822 0.007137 0.011109 0.018863 0.032244 0.050760 0.068970 0.077972 0.070945 0.051864 0.035459 0.033496 0.044399 0.058114 0.066039 0.065331 0.058323 0.049493 0.041734 0.035398 0.030085 0.026008 0.023635 0.021235
   0.016268 0.019808 0.022851 0.023303 0.020028 0.014299 0.010523 0.010859 0.012810 0.013340 0.012003 0.010042 0.008502 0.007206 0.006058 0.005697 0.007055 0.011064 0.018683 0.032090 0.051257 0.072613 0.090139 0.094522 0.080365 0.058219 0.049404 0.061592 0.081526 0.093972 0.094213 0.085124 0.072130 0.059996 0.050695 0.043800 0.038599 0.035000 0.032786 0.029767
   0.022911 0.025329 0.027208 0.025613 0.019522 0.013982 0.014446 0.018214 0.019734 0.017941 0.014769 0.011709 0.008923 0.006678 0.005822 0.007055 0.011002 0.018422 0.031555 0.050470 0.073736 0.099948 0.120390 0.120017 0.096628 0.078374 0.091098 0.119667 0.136020 0.133827 0.120479 0.102725 0.085208 0.071263 0.061587 0.054864 0.049977 0.046674 0.044843 0.041808
   0.027204 0.029322 0.030438 0.025348 0.018532 0.019687 0.026587 0.029689 0.026955 0.021950 0.016957 0.012200 0.008185 0.006264 0.007137 0.011064 0.018422 0.031218 0.049264 0.072570 0.104696 0.141669 0.165363 0.153144 0.126580 0.139375 0.183290 0.206187 0.195630 0.171672 0.147069 0.123949 0.104157 0.089838 0.080257 0.073100 0.067549 0.064471 0.063912 0.061160
   0.031972 0.033829 0.031302 0.023890 0.026812 0.039623 0.045678 0.040816 0.032341 0.024555 0.017370 0.010962 0.007255 0.007297 0.011109 0.018683 0.031555 0.049264 0.071682 0.105548 0.153068 0.203187 0.217215 0.191526 0.207969 0.281891 0.323594 0.299386 0.251622 0.211879 0.180970 0.154259 0.133337 0.119380 0.109551 0.101173 0.095536 0.094377 0.097055 0.094531
   0.038420 0.035914 0.028206 0.032304 0.054618 0.067739 0.060174 0.045766 0.033821 0.023947 0.015003 0.009032 0.007765 0.011107 0.018863 0.032090 0.050470 0.072570 0.105548 0.155993 0.222530 0.264666 0.248783 0.276755 0.406961 0.497936 0.462673 0.373017 0.300443 0.253523 0.217577 0.188201 0.168295 0.156189 0.147024 0.140044 0.138279 0.143766 0.153878 0.153278
   0.040104 0.029940 0.030584 0.060921 0.087707 0.081331 0.059742 0.042504 0.030239 0.019479 0.011430 0.008695 0.011332 0.018960 0.032244 0.051257 0.073736 0.104696 0.153068 0.222530 0.280744 0.275035 0.311838 0.514514 0.700895 0.678593 0.534924 0.408511 0.331851 0.283092 0.245228 0.218771 0.204601 0.197367 0.192644 0.192064 0.200014 0.219626 0.243754 0.248809
   0.029432 0.023549 0.051073 0.091629 0.095142 0.070015 0.047778 0.034172 0.023195 0.013974 0.009844 0.011772 0.019183 0.032242 0.050760 0.072613 0.099948 0.141669 0.203187 0.264666 0.275035 0.317122 0.565162 0.860578 0.893881 0.709750 0.521413 0.405788 0.341840 0.299029 0.269132 0.254264 0.250771 0.251412 0.253552 0.260842 0.282281 0.320569 0.360723 0.355520
   0.017575 0.033076 0.075900 0.093729 0.073205 0.048551 0.034731 0.025328 0.016382 0.011049 0.012063 0.019325 0.032460 0.049921 0.068970 0.090139 0.120391 0.165363 0.217215 0.248783 0.311838 0.565162 0.918682 1.027984 0.846668 0.616105 0.467540 0.390476 0.346923 0.317988 0.305489 0.309385 0.320587 0.329310 0.333412 0.343001 0.373450 0.420549 0.452393 0.400857
   0.022571 0.051547 0.078582 0.069363 0.046474 0.032770 0.025614 0.018415 0.012548 0.012335 0.019150 0.032651 0.049707 0.065007 0.077972 0.094522 0.120017 0.153144 0.191526 0.276755 0.514514 0.860578 1.027984 0.898331 0.669850 0.509407 0.426890 0.383346 0.354049 0.342743 0.357639 0.389943 0.419081 0.427941 0.419459 0.417559 0.438259 0.464253 0.451821 0.358590
   0.036402 0.056857 0.060164 0.043769 0.030454 0.024521 0.019524 0.014223 0.013124 0.019192 0.032620 0.049748 0.062213 0.067035 0.070945 0.080365 0.096628 0.126580 0.207969 0.406961 0.700895 0.893881 0.846669 0.669850 0.524373 0.446926 0.403881 0.367641 0.348961 0.371685 0.432579 0.502480 0.539614 0.523724 0.480673 0.449001 0.436349 0.419467 0.368970 0.283264
   0.040352 0.046437 0.039691 0.028716 0.022929 0.019345 0.015256 0.014126 0.019833 0.032630 0.049066 0.059764 0.058599 0.052875 0.051864 0.058219 0.078374 0.139375 0.281891 0.497936 0.678593 0.709750 0.616105 0.509407 0.446926 0.410014 0.366648 0.332727 0.354572 0.439738 0.557944 0.649710 0.652050 0.575622 0.484565 0.416755 0.369089 0.325639 0.273435 0.219313
   0.033344 0.032300 0.025968 0.020726 0.017820 0.014948 0.014267 0.020052 0.032291 0.046946 0.055874 0.051582 0.040030 0.033380 0.035459 0.049404 0.091098 0.183290 0.323594 0.462673 0.534924 0.521413 0.467540 0.426890 0.403881 0.366648 0.322305 0.335566 0.433374 0.586641 0.738533 0.787159 0.696953 0.551161 0.427774 0.342042 0.283754 0.241384 0.201330 0.167873
   0.023523 0.021041 0.017226 0.014830 0.013087 0.012951 0.018453 0.030120 0.042878 0.049730 0.044562 0.031111 0.022019 0.022815 0.033496 0.061592 0.119667 0.206187 0.299386 0.373017 0.408511 0.405789 0.390476 0.383346 0.367641 0.332726 0.335566 0.430801 0.599853 0.792215 0.897842 0.822346 0.635804 0.462144 0.342498 0.265768 0.217162 0.181883 0.148499 0.125134
   0.014909 0.012864 0.010888 0.009931 0.010290 0.014854 0.025123 0.036374 0.041753 0.037148 0.024981 0.015730 0.016160 0.025048 0.044399 0.081526 0.136020 0.195630 0.251622 0.300443 0.331851 0.341840 0.346923 0.354049 0.348962 0.354572 0.433374 0.599853 0.809017 0.955769 0.915509 0.715700 0.502796 0.354494 0.263899 0.208362 0.170155 0.137587 0.109913 0.094744
   0.008401 0.007249 0.006524 0.007002 0.010278 0.018173 0.027732 0.032621 0.029603 0.020567 0.012835 0.013076 0.020587 0.034224 0.058114 0.093972 0.133827 0.171672 0.211879 0.253523 0.283092 0.299029 0.317988 0.342743 0.371685 0.439738 0.586641 0.792214 0.955769 0.948904 0.764462 0.535522 0.365982 0.264755 0.205961 0.166635 0.132886 0.103973 0.084234 0.075597
   0.004389 0.003994 0.004186 0.006142 0.011332 0.018625 0.023221 0.022130 0.016742 0.011527 0.011710 0.017917 0.027826 0.042825 0.066039 0.094213 0.120479 0.147069 0.180970 0.217577 0.245228 0.269132 0.305489 0.357639 0.432579 0.557945 0.738533 0.897841 0.915509 0.764462 0.548274 0.372936 0.264591 0.203722 0.165324 0.132055 0.101533 0.079216 0.066150 0.060770
   0.002441 0.002457 0.003331 0.006211 0.011056 0.014942 0.015232 0.012777 0.010250 0.010730 0.015648 0.023197 0.032542 0.046253 0.065331 0.085124 0.102725 0.123949 0.154259 0.188201 0.218771 0.254264 0.309385 0.389943 0.502480 0.649710 0.787159 0.822346 0.715700 0.535522 0.372936 0.264364 0.201922 0.164067 0.131735 0.100362 0.075674 0.059901 0.050553 0.046835
   0.001719 0.001949 0.003228 0.005998 0.008898 0.009830 0.009031 0.008362 0.009415 0.013246 0.019210 0.025535 0.032892 0.043920 0.058323 0.072130 0.085208 0.104157 0.133337 0.168295 0.204601 0.250771 0.320587 0.419081 0.539614 0.652050 0.696953 0.635804 0.502796 0.365982 0.264591 0.201922 0.163458 0.131234 0.099137 0.072804 0.055129 0.043842 0.037168 0.035482
   0.001737 0.002065 0.003352 0.005259 0.006391 0.006346 0.006416 0.007756 0.010816 0.015457 0.020377 0.024576 0.029770 0.038361 0.049493 0.059996 0.071263 0.089838 0.119380 0.156189 0.197367 0.251412 0.329310 0.427941 0.523724 0.575622 0.551161 0.462144 0.354494 0.264755 0.203722 0.164067 0.131234 0.098480 0.070899 0.052131 0.039712 0.031422 0.027833 0.028016
   0.002215 0.002555 0.003593 0.004665 0.005023 0.005217 0.006337 0.008767 0.012253 0.016130 0.019219 0.021508 0.025274 0.032453 0.041734 0.050695 0.061587 0.080257 0.109551 0.147024 0.192644 0.253552 0.333412 0.419459 0.480673 0.484565 0.427773 0.342498 0.263899 0.205961 0.165324 0.131735 0.099137 0.070899 0.051124 0.038086 0.028709 0.023290 0.022451 0.023572
   0.002910 0.003294 0.004193 0.004949 0.005244 0.005822 0.007502 0.010065 0.012802 0.015151 0.016574 0.017784 0.020944 0.027282 0.035398 0.043800 0.054864 0.073100 0.101173 0.140044 0.192064 0.260842 0.343001 0.417559 0.449001 0.416755 0.342042 0.265768 0.208362 0.166635 0.132055 0.100362 0.072804 0.052131 0.038086 0.028093 0.021437 0.019028 0.019637 0.021511
   0.003780 0.004395 0.005733 0.006727 0.006848 0.007411 0.009089 0.010826 0.012077 0.013000 0.013531 0.014387 0.017200 0.022736 0.030085 0.038599 0.049977 0.067549 0.095536 0.138279 0.200014 0.282281 0.373450 0.438259 0.436349 0.369089 0.283754 0.217162 0.170155 0.132886 0.101533 0.075674 0.055129 0.039712 0.028709 0.021437 0.017952 0.017472 0.018854 0.021679
   0.005049 0.006369 0.008968 0.009756 0.008951 0.009308 0.010290 0.010477 0.010442 0.010717 0.010971 0.011694 0.014130 0.018954 0.026008 0.035000 0.046674 0.064471 0.094377 0.143766 0.219626 0.320569 0.420549 0.464253 0.419467 0.325639 0.241384 0.181883 0.137587 0.103973 0.079216 0.059901 0.043842 0.031422 0.023290 0.019028 0.017472 0.017871 0.020066 0.023355
   0.007195 0.010198 0.013607 0.012409 0.010586 0.010681 0.010307 0.009299 0.008957 0.009126 0.009277 0.009961 0.012127 0.016585 0.023635 0.032786 0.044843 0.063912 0.097055 0.153878 0.243754 0.360723 0.452393 0.451822 0.368970 0.273435 0.201330 0.148499 0.109913 0.084234 0.066150 0.050553 0.037168 0.027833 0.022451 0.019637 0.018854 0.020066 0.022640 0.025392
   0.012130 0.015728 0.016427 0.012652 0.011134 0.010987 0.009724 0.008576 0.008231 0.008088 0.008051 0.008662 0.010638 0.014781 0.021235 0.029767 0.041808 0.061160 0.094531 0.153278 0.248809 0.355520 0.400860 0.358592 0.283264 0.219313 0.167873 0.125134 0.094744 0.075597 0.060770 0.046835 0.035482 0.028017 0.023572 0.021511 0.021679 0.023355 0.025391 0.027301

   0.023727 0.029379 0.031871 0.026982 0.019572 0.015591 0.015629 0.015940 0.013626 0.009084 0.004795 0.002399 0.002384 0.005505 0.012120 0.019808 0.025329 0.029322 0.033828 0.035914 0.029940 0.023549 0.033076 0.051547 0.056857 0.046437 0.032300 0.021041 0.012864 0.007249 0.003994 0.002457 0.001949 0.002065 0.002555 0.003294 0.004395 0.006369 0.010198 0.015728
   0.029379 0.031012 0.027532 0.020188 0.015453 0.015634 0.017564 0.017149 0.013247 0.007919 0.003763 0.001982 0.003274 0.008333 0.015969 0.022625 0.026648 0.029505 0.030782 0.026932 0.023331 0.036271 0.061816 0.072988 0.061574 0.043038 0.028678 0.019006 0.012025 0.007198 0.004458 0.003238 0.002865 0.002907 0.003202 0.003801 0.005140 0.008122 0.013020 0.016781
   0.031871 0.027532 0.018885 0.013314 0.014338 0.018263 0.020035 0.017540 0.012090 0.006479 0.002825 0.002382 0.005907 0.012592 0.019390 0.023835 0.025970 0.025673 0.022546 0.024702 0.046591 0.079079 0.090038 0.072310 0.048250 0.032390 0.023424 0.016926 0.011478 0.007834 0.006227 0.005743 0.005341 0.004717 0.004281 0.004617 0.006520 0.010102 0.013504 0.013750
   0.026982 0.020188 0.013314 0.013656 0.018602 0.022084 0.021111 0.016372 0.010243 0.005056 0.002753 0.004588 0.009867 0.015763 0.019807 0.021466 0.020450 0.017576 0.022055 0.047803 0.084800 0.097938 0.077378 0.049398 0.032832 0.025552 0.020872 0.016038 0.012281 0.011024 0.011190 0.010576 0.008450 0.006037 0.004658 0.004934 0.006964 0.009685 0.011446 0.011515
   0.019572 0.015453 0.014338 0.018602 0.022876 0.023145 0.019435 0.013739 0.008020 0.004247 0.004336 0.008099 0.012674 0.015594 0.016557 0.015671 0.013570 0.017028 0.038216 0.072908 0.091520 0.077722 0.051205 0.033690 0.026425 0.022824 0.019072 0.016199 0.016772 0.019303 0.019357 0.015262 0.009745 0.005975 0.004706 0.005500 0.007587 0.009987 0.011685 0.012171
   0.015591 0.015634 0.018263 0.022084 0.023145 0.020511 0.015737 0.010514 0.006298 0.004998 0.007214 0.010492 0.012219 0.012298 0.011528 0.010546 0.012978 0.026589 0.052050 0.072425 0.070697 0.053042 0.036745 0.027975 0.023482 0.019939 0.018081 0.021485 0.028630 0.031509 0.025857 0.016233 0.009038 0.006042 0.005921 0.007392 0.009566 0.011491 0.012047 0.011542
   0.015629 0.017564 0.020035 0.021111 0.019435 0.015737 0.011483 0.007868 0.006200 0.007202 0.009256 0.010030 0.009401 0.008526 0.008202 0.010219 0.018418 0.034168 0.050559 0.056843 0.050483 0.039035 0.029664 0.023518 0.019324 0.018005 0.023749 0.036314 0.044760 0.039634 0.025778 0.014073 0.008700 0.007678 0.008601 0.010229 0.011621 0.011867 0.010859 0.010002
   0.015940 0.017149 0.017540 0.016372 0.013739 0.010514 0.007868 0.006849 0.007612 0.008768 0.008707 0.007558 0.006508 0.006338 0.007990 0.013201 0.022537 0.033360 0.041103 0.042320 0.037192 0.029370 0.022472 0.017875 0.016938 0.023760 0.040168 0.055368 0.053900 0.037126 0.020258 0.011933 0.010138 0.010883 0.012180 0.013046 0.012745 0.011331 0.009874 0.009283
   0.013626 0.013247 0.012090 0.010243 0.008020 0.006298 0.006200 0.007612 0.008667 0.007970 0.006256 0.004966 0.004718 0.005916 0.009375 0.015181 0.021898 0.027826 0.031468 0.030981 0.026158 0.020072 0.016019 0.015797 0.022711 0.040267 0.060849 0.065349 0.048117 0.026113 0.014417 0.012417 0.013916 0.015548 0.016230 0.015460 0.013403 0.011156 0.009760 0.009050
   0.009084 0.007919 0.006479 0.005056 0.004247 0.004998 0.007202 0.008768 0.007970 0.005708 0.003948 0.003473 0.004250 0.006454 0.010117 0.014388 0.018316 0.021511 0.022825 0.020771 0.016672 0.014027 0.015002 0.021854 0.038475 0.061430 0.072115 0.057313 0.031342 0.015809 0.013868 0.017164 0.020015 0.020920 0.019750 0.016972 0.013737 0.011188 0.009756 0.008822
   0.004795 0.003763 0.002825 0.002753 0.004336 0.007214 0.009256 0.008707 0.006256 0.003948 0.002989 0.003373 0.004715 0.006795 0.009352 0.011896 0.014132 0.015480 0.014918 0.012877 0.011902 0.014213 0.021396 0.036497 0.058882 0.073857 0.063940 0.036878 0.017464 0.014717 0.019976 0.024768 0.026466 0.025091 0.021599 0.017399 0.013741 0.011165 0.009869 0.009015
   0.002399 0.001982 0.002382 0.004588 0.008099 0.010492 0.010030 0.007558 0.004966 0.003472 0.003373 0.004179 0.005208 0.006356 0.007783 0.009315 0.010316 0.010225 0.009513 0.009841 0.013118 0.020773 0.034773 0.055181 0.071798 0.067706 0.043419 0.021262 0.015949 0.022020 0.029210 0.032794 0.032094 0.028215 0.023118 0.018413 0.014728 0.012173 0.011018 0.010239
   0.002384 0.003274 0.005907 0.009867 0.012674 0.012219 0.009401 0.006508 0.004718 0.004250 0.004715 0.005208 0.005358 0.005712 0.006585 0.007299 0.007311 0.007217 0.008305 0.012086 0.019950 0.033296 0.051991 0.068881 0.070173 0.051519 0.028675 0.019256 0.024023 0.033631 0.040772 0.042572 0.039279 0.033317 0.027295 0.022305 0.018289 0.015373 0.014065 0.013135
   0.005505 0.008333 0.012592 0.015763 0.015594 0.012298 0.008526 0.006338 0.005916 0.006454 0.006795 0.006356 0.005712 0.005691 0.005942 0.005879 0.006004 0.007457 0.011504 0.019342 0.032303 0.050243 0.067810 0.074257 0.062590 0.040911 0.026573 0.027879 0.039488 0.051853 0.058380 0.057085 0.050266 0.042059 0.034975 0.029199 0.024437 0.021051 0.019583 0.018165
   0.012120 0.015969 0.019390 0.019807 0.016557 0.011528 0.008202 0.007990 0.009375 0.010117 0.009352 0.007783 0.006585 0.005942 0.005463 0.005522 0.007068 0.011227 0.018946 0.031715 0.049723 0.068922 0.081241 0.078122 0.059752 0.040239 0.035929 0.049117 0.068267 0.081010 0.082358 0.074428 0.062781 0.052033 0.043606 0.037027 0.031983 0.028758 0.027356 0.025276
   0.019808 0.022625 0.023835 0.021466 0.015671 0.010546 0.010219 0.013201 0.015181 0.014388 0.011896 0.009315 0.007299 0.005879 0.005522 0.006947 0.011051 0.018551 0.031090 0.049264 0.070312 0.089181 0.097061 0.086261 0.063305 0.051257 0.065545 0.093751 0.113488 0.116115 0.105807 0.089868 0.074129 0.061581 0.052446 0.045799 0.041148 0.038429 0.037345 0.035096
   0.025329 0.026648 0.025970 0.020450 0.013570 0.012978 0.018418 0.022537 0.021898 0.018316 0.014132 0.010316 0.007311 0.006004 0.007068 0.011051 0.018344 0.030502 0.048314 0.070244 0.094727 0.114661 0.117418 0.097325 0.077107 0.092144 0.134522 0.163966 0.164701 0.148329 0.127074 0.106230 0.088510 0.075344 0.066111 0.059421 0.054710 0.052285 0.052009 0.049672
   0.029322 0.029505 0.025673 0.017576 0.017028 0.026589 0.034168 0.033360 0.027826 0.021511 0.015480 0.010225 0.007217 0.007457 0.011227 0.018551 0.030502 0.047755 0.069345 0.096650 0.125566 0.145129 0.138925 0.114959 0.130280 0.196619 0.246286 0.243072 0.212503 0.181396 0.154965 0.131699 0.112880 0.099502 0.089932 0.082303 0.077112 0.075335 0.076104 0.072247
   0.033829 0.030782 0.022546 0.022055 0.038216 0.052050 0.050559 0.041103 0.031468 0.022825 0.014918 0.009513 0.008305 0.011504 0.018946 0.031090 0.048314 0.069345 0.096795 0.129213 0.161269 0.175745 0.156232 0.171781 0.276334 0.370981 0.369662 0.312721 0.259311 0.222259 0.192304 0.166194 0.146792 0.133903 0.124176 0.116527 0.112771 0.113489 0.116244 0.109460
   0.035914 0.026932 0.024702 0.047803 0.072908 0.072424 0.056843 0.042320 0.030981 0.020771 0.012877 0.009841 0.012086 0.019342 0.031715 0.049264 0.070244 0.096650 0.129213 0.165693 0.194811 0.181435 0.191728 0.343345 0.522544 0.548000 0.455918 0.361385 0.301574 0.261550 0.227339 0.200423 0.183591 0.173579 0.166510 0.162971 0.164919 0.173099 0.181765 0.174976
   0.029940 0.023331 0.046591 0.084800 0.091520 0.070697 0.050483 0.037192 0.026158 0.016672 0.011902 0.013118 0.019950 0.032303 0.049723 0.070312 0.094727 0.125566 0.161269 0.194811 0.187332 0.184914 0.362327 0.645323 0.740558 0.624102 0.476253 0.381506 0.327547 0.287901 0.255844 0.235604 0.226156 0.222098 0.220961 0.224309 0.236769 0.258805 0.280203 0.269851
   0.023549 0.036271 0.079079 0.097938 0.077722 0.053042 0.039035 0.029370 0.020072 0.014027 0.014213 0.020773 0.033296 0.050243 0.068922 0.089181 0.114662 0.145129 0.175745 0.181435 0.184914 0.357117 0.698876 0.879318 0.770656 0.579803 0.451225 0.384176 0.344948 0.315083 0.296041 0.289772 0.290879 0.293152 0.295165 0.302887 0.326596 0.362178 0.388045 0.344079
   0.033076 0.061816 0.090038 0.077378 0.051205 0.036745 0.029664 0.022472 0.016019 0.015002 0.021396 0.034773 0.051991 0.067810 0.081241 0.097061 0.117418 0.138925 0.156232 0.191728 0.362327 0.698876 0.926271 0.851151 0.647467 0.501911 0.429794 0.395337 0.373420 0.361054 0.364139 0.378239 0.390973 0.392687 0.386025 0.388837 0.412723 0.442499 0.440263 0.348705
   0.051547 0.072988 0.072310 0.049398 0.033690 0.027974 0.023518 0.017875 0.015797 0.021854 0.036497 0.055181 0.068881 0.074257 0.078122 0.086261 0.097324 0.114959 0.171781 0.343345 0.645323 0.879318 0.851151 0.669861 0.527927 0.460980 0.432837 0.416868 0.410909 0.428507 0.468455 0.510056 0.526082 0.505339 0.469523 0.450350 0.451272 0.448578 0.408748 0.311368
   0.056857 0.061574 0.048250 0.032832 0.026426 0.023482 0.019324 0.016938 0.022711 0.038475 0.058882 0.071798 0.070173 0.062590 0.059752 0.063305 0.077107 0.130280 0.276334 0.522544 0.740558 0.770656 0.647467 0.527927 0.472278 0.452452 0.438244 0.432878 0.466430 0.543160 0.634310 0.692396 0.672757 0.591415 0.506893 0.451668 0.417271 0.385538 0.338223 0.270962
   0.046437 0.043038 0.032390 0.025552 0.022824 0.019939 0.018005 0.023760 0.040267 0.061430 0.073857 0.067706 0.051519 0.040911 0.040239 0.051257 0.092145 0.196618 0.370981 0.548000 0.624102 0.579803 0.501911 0.460980 0.452452 0.443614 0.436356 0.484110 0.604314 0.755056 0.879365 0.890674 0.768135 0.603793 0.475761 0.393386 0.341520 0.307349 0.269155 0.224204
   0.032300 0.028678 0.023424 0.020872 0.019072 0.018081 0.023749 0.040168 0.060848 0.072115 0.063940 0.043419 0.028675 0.026573 0.035929 0.065545 0.134522 0.246286 0.369662 0.455918 0.476253 0.451225 0.429794 0.432837 0.438244 0.436356 0.490005 0.647790 0.857369 1.052208 1.128009 0.993421 0.744634 0.532839 0.397215 0.316260 0.271731 0.243057 0.205941 0.170661
   0.021041 0.019006 0.016926 0.016038 0.016199 0.021484 0.036314 0.055367 0.065349 0.057313 0.036878 0.021262 0.019256 0.027879 0.049117 0.093751 0.163966 0.243072 0.312721 0.361385 0.381506 0.384176 0.395337 0.416868 0.432878 0.484110 0.647790 0.900339 1.155997 1.307779 1.211738 0.909361 0.612280 0.422087 0.314252 0.254523 0.220362 0.188410 0.151150 0.125570
   0.012864 0.012025 0.011478 0.012281 0.016772 0.028630 0.044760 0.053900 0.048118 0.031342 0.017464 0.015949 0.024023 0.039488 0.068267 0.113488 0.164701 0.212503 0.259311 0.301573 0.327547 0.344948 0.373420 0.410909 0.466430 0.604314 0.857369 1.155998 1.371273 1.341042 1.045430 0.693315 0.452237 0.321050 0.250922 0.210639 0.177059 0.141389 0.111724 0.096551
   0.007249 0.007198 0.007834 0.011024 0.019303 0.031509 0.039634 0.037126 0.026113 0.015809 0.014717 0.022020 0.033631 0.051853 0.081010 0.116115 0.148329 0.181396 0.222259 0.261550 0.287901 0.315083 0.361054 0.428507 0.543160 0.755057 1.052208 1.307779 1.341042 1.097592 0.746380 0.477242 0.326577 0.249409 0.207149 0.173480 0.136865 0.105384 0.086139 0.077693
   0.003994 0.004458 0.006227 0.011190 0.019357 0.025857 0.025778 0.020258 0.014417 0.013869 0.019976 0.029210 0.040772 0.058380 0.082358 0.105807 0.127074 0.154965 0.192304 0.227339 0.255844 0.296042 0.364139 0.468455 0.634310 0.879365 1.128008 1.211738 1.045430 0.746380 0.487483 0.329681 0.247231 0.204122 0.172174 0.135996 0.101665 0.079127 0.066887 0.061272
   0.002457 0.003238 0.005743 0.010576 0.015262 0.016233 0.014073 0.011933 0.012417 0.017164 0.024768 0.032794 0.042572 0.057085 0.074428 0.089868 0.106231 0.131699 0.166194 0.200423 0.235604 0.289772 0.378239 0.510056 0.692396 0.890674 0.993421 0.909361 0.693315 0.477242 0.329681 0.246215 0.201797 0.170669 0.135405 0.099399 0.073498 0.058728 0.050162 0.046640
   0.001949 0.002865 0.005341 0.008450 0.009745 0.009038 0.008700 0.010138 0.013916 0.020015 0.026466 0.032094 0.039279 0.050266 0.062781 0.074129 0.088510 0.112880 0.146792 0.183591 0.226156 0.290879 0.390973 0.526082 0.672757 0.768135 0.744634 0.612280 0.452237 0.326577 0.247231 0.201797 0.169848 0.134477 0.097481 0.069558 0.052592 0.042574 0.037173 0.036101
   0.002065 0.002907 0.004717 0.006037 0.005975 0.006042 0.007678 0.010883 0.015548 0.020920 0.025091 0.028215 0.033317 0.042059 0.052033 0.061581 0.075344 0.099502 0.133903 0.173579 0.222098 0.293152 0.392687 0.505339 0.591415 0.603793 0.532839 0.422086 0.321050 0.249409 0.204122 0.170669 0.134477 0.096589 0.067479 0.049348 0.037857 0.030945 0.028941 0.029506
   0.002555 0.003202 0.004281 0.004658 0.004706 0.005921 0.008601 0.012180 0.016230 0.019750 0.021598 0.023118 0.027295 0.034975 0.043606 0.052446 0.066111 0.089932 0.124176 0.166510 0.220961 0.295165 0.386025 0.469523 0.506893 0.475761 0.397215 0.314252 0.250922 0.207149 0.172174 0.135405 0.097481 0.067479 0.048454 0.036139 0.027569 0.023841 0.024196 0.025464
   0.003294 0.003801 0.004617 0.004934 0.005500 0.007392 0.010229 0.013046 0.015459 0.016972 0.017399 0.018413 0.022305 0.029199 0.037027 0.045799 0.059421 0.082303 0.116527 0.162971 0.224309 0.302887 0.388837 0.450350 0.451668 0.393386 0.316260 0.254523 0.210639 0.173480 0.135996 0.099399 0.069558 0.049348 0.036139 0.026683 0.021262 0.020356 0.021592 0.023499
   0.004395 0.005140 0.006520 0.006964 0.007587 0.009566 0.011621 0.012745 0.013403 0.013737 0.013741 0.014728 0.018289 0.024437 0.031983 0.041148 0.054710 0.077112 0.112771 0.164919 0.236769 0.326596 0.412723 0.451272 0.417271 0.341520 0.271731 0.220362 0.177059 0.136865 0.101665 0.073498 0.052592 0.037857 0.027569 0.021262 0.018925 0.019222 0.020832 0.023123
   0.006369 0.008122 0.010102 0.009685 0.009987 0.011491 0.011867 0.011331 0.011156 0.011188 0.011165 0.012173 0.015373 0.021051 0.028758 0.038429 0.052285 0.075335 0.113489 0.173099 0.258805 0.362178 0.442499 0.448578 0.385538 0.307349 0.243057 0.188410 0.141389 0.105384 0.079127 0.058728 0.042574 0.030945 0.023841 0.020356 0.019222 0.019786 0.021659 0.023706
   0.010198 0.013020 0.013504 0.011446 0.011685 0.012047 0.010859 0.009874 0.009760 0.009756 0.009869 0.011018 0.014065 0.019583 0.027356 0.037345 0.052009 0.076104 0.116244 0.181765 0.280203 0.388044 0.440263 0.408748 0.338223 0.269155 0.205941 0.151150 0.111724 0.086139 0.066887 0.050162 0.037173 0.028941 0.024196 0.021592 0.020832 0.021659 0.023245 0.024251
   0.015728 0.016781 0.013750 0.011515 0.012171 0.011542 0.010002 0.009283 0.009050 0.008822 0.009015 0.010239 0.013135 0.018165 0.025276 0.035096 0.049672 0.072247 0.109460 0.174976 0.269851 0.344079 0.348706 0.311369 0.270962 0.224204 0.170661 0.125570 0.096550 0.077694 0.061272 0.046640 0.036101 0.029506 0.025464 0.023499 0.023123 0.023706 0.024251 0.024395

   0.031978 0.031871 0.025956 0.017974 0.014556 0.016016 0.018123 0.017266 0.013042 0.007733 0.003703 0.002037 0.003537 0.008793 0.016330 0.022851 0.027208 0.030438 0.031303 0.028206 0.030583 0.051073 0.075900 0.078582 0.060164 0.039691 0.025968 0.017226 0.010888 0.006524 0.004186 0.003331 0.003228 0.003352 0.003593 0.004193 0.005733 0.008968 0.013607 0.016427
   0.031871 0.027532 0.018885 0.013314 0.014338 0.018263 0.020035 0.017540 0.012090 0.006479 0.002825 0.002382 0.005907 0.012592 0.019390 0.023835 0.025970 0.025673 0.022546 0.024702 0.046591 0.079079 0.090038 0.072310 0.048250 0.032390 0.023424 0.016926 0.011478 0.007834 0.006227 0.005743 0.005341 0.004717 0.004281 0.004617 0.006520 0.010102 0.013504 0.013750
   0.025956 0.018885 0.011787 0.011949 0.017262 0.021601 0.021340 0.016750 0.010326 0.004820 0.002468 0.004512 0.010097 0.016190 0.020208 0.021693 0.020512 0.017386 0.021332 0.046728 0.083717 0.096047 0.074143 0.046244 0.031169 0.025310 0.021430 0.016781 0.012769 0.011259 0.011377 0.010757 0.008554 0.006072 0.004691 0.005059 0.007312 0.010283 0.012058 0.011905
   0.017974 0.013314 0.011949 0.016677 0.022191 0.023700 0.020391 0.014187 0.007701 0.003657 0.004145 0.008554 0.013534 0.016466 0.017157 0.015802 0.013113 0.016463 0.039134 0.075688 0.092341 0.072935 0.043474 0.028004 0.024261 0.023340 0.020839 0.017670 0.017615 0.020187 0.020386 0.015899 0.009836 0.005809 0.004559 0.005642 0.008206 0.010980 0.012677 0.012933
   0.014556 0.014338 0.017262 0.022191 0.024479 0.022240 0.016767 0.010364 0.005473 0.004564 0.007755 0.011658 0.013380 0.013115 0.011800 0.010112 0.012407 0.028180 0.057545 0.078125 0.070119 0.046129 0.029420 0.024042 0.023263 0.022083 0.020104 0.022715 0.030761 0.034709 0.028138 0.016718 0.008641 0.005630 0.005856 0.007942 0.010766 0.013024 0.013384 0.012375
   0.016016 0.018263 0.021601 0.023700 0.022240 0.017621 0.011884 0.007159 0.005505 0.007531 0.010482 0.011315 0.010255 0.008837 0.007922 0.009737 0.019514 0.039052 0.057963 0.061450 0.049292 0.034990 0.026888 0.023559 0.021454 0.019636 0.024347 0.039648 0.051963 0.046052 0.028197 0.014063 0.008436 0.007766 0.009196 0.011469 0.013299 0.013454 0.011884 0.010428
   0.018123 0.020035 0.021340 0.020391 0.016767 0.011884 0.007863 0.006388 0.007791 0.009963 0.010228 0.008673 0.007055 0.006403 0.007838 0.013939 0.025915 0.039613 0.047685 0.046214 0.038268 0.030002 0.024327 0.020513 0.018253 0.023641 0.044420 0.067714 0.067522 0.044447 0.022415 0.012922 0.011178 0.011951 0.013522 0.014705 0.014309 0.012404 0.010413 0.009573
   0.017266 0.017540 0.016750 0.014187 0.010364 0.007159 0.006388 0.008012 0.009860 0.009717 0.007800 0.005946 0.005251 0.006245 0.010128 0.017513 0.026377 0.033646 0.037072 0.035346 0.029697 0.023690 0.019386 0.017477 0.023055 0.045635 0.077691 0.087113 0.062527 0.032047 0.017769 0.015489 0.016299 0.017455 0.018122 0.017140 0.014486 0.011671 0.010064 0.009475
   0.013042 0.012090 0.010326 0.007701 0.005473 0.005505 0.007791 0.009860 0.009536 0.007232 0.005020 0.004149 0.004758 0.007190 0.011789 0.017431 0.022456 0.026229 0.027659 0.025347 0.020927 0.017695 0.017267 0.023298 0.044731 0.080257 0.099433 0.078089 0.040659 0.020981 0.019245 0.021788 0.023322 0.023620 0.022030 0.018413 0.014304 0.011346 0.009974 0.009257
   0.007733 0.006479 0.004820 0.003657 0.004564 0.007531 0.009963 0.009717 0.007232 0.004580 0.003326 0.003588 0.005062 0.007747 0.011225 0.014457 0.017103 0.018974 0.018840 0.016744 0.015362 0.016876 0.023716 0.042694 0.076406 0.101890 0.087951 0.047919 0.022673 0.021382 0.027202 0.030309 0.030468 0.028159 0.023505 0.017994 0.013517 0.010778 0.009737 0.009190
   0.003703 0.002825 0.002468 0.004145 0.007755 0.010482 0.010228 0.007800 0.005020 0.003326 0.003134 0.003973 0.005343 0.007122 0.009021 0.010699 0.012052 0.012619 0.012291 0.012634 0.015772 0.023588 0.040321 0.069121 0.095596 0.090427 0.054178 0.024913 0.022035 0.030950 0.036989 0.037981 0.035300 0.029778 0.023054 0.017153 0.013045 0.010721 0.010189 0.009965
   0.002037 0.002382 0.004512 0.008554 0.011658 0.011315 0.008673 0.005946 0.004149 0.003588 0.003973 0.004565 0.005065 0.005786 0.006764 0.007671 0.008212 0.008664 0.010114 0.014260 0.022855 0.038237 0.062002 0.085474 0.086837 0.059050 0.029259 0.022446 0.032208 0.042239 0.046316 0.044839 0.039148 0.031420 0.024155 0.018591 0.014701 0.012459 0.012133 0.012024
   0.003537 0.005907 0.010097 0.013534 0.013380 0.010255 0.007055 0.005251 0.004758 0.005062 0.005343 0.005065 0.004698 0.004898 0.005429 0.005811 0.006415 0.008358 0.013070 0.022118 0.036852 0.057278 0.077337 0.082392 0.063642 0.036369 0.024716 0.032372 0.046372 0.056310 0.058858 0.054397 0.045740 0.036655 0.029211 0.023422 0.019040 0.016498 0.016152 0.015821
   0.008793 0.012592 0.016190 0.016466 0.013115 0.008837 0.006403 0.006245 0.007190 0.007747 0.007122 0.005786 0.004898 0.004761 0.004854 0.005373 0.007444 0.012484 0.021782 0.036225 0.055151 0.073837 0.082168 0.071367 0.047608 0.031041 0.034316 0.051597 0.069547 0.078904 0.077112 0.067290 0.055197 0.044741 0.036486 0.029887 0.025123 0.022688 0.022454 0.021600
   0.016329 0.019390 0.020208 0.017157 0.011801 0.007922 0.007838 0.010129 0.011789 0.011225 0.009021 0.006764 0.005429 0.004854 0.005091 0.007092 0.012257 0.021633 0.035895 0.054493 0.073964 0.087073 0.084580 0.065105 0.043724 0.040952 0.061107 0.088933 0.106640 0.107527 0.095671 0.079247 0.064300 0.052561 0.043457 0.036659 0.032426 0.030703 0.030805 0.029640
   0.022851 0.023835 0.021693 0.015802 0.010112 0.009737 0.013939 0.017513 0.017431 0.014457 0.010699 0.007671 0.005811 0.005373 0.007092 0.012186 0.021482 0.035476 0.054001 0.075162 0.094362 0.101583 0.088427 0.063567 0.054217 0.078452 0.119673 0.146796 0.148170 0.132210 0.110765 0.090821 0.074647 0.062196 0.052879 0.046480 0.042885 0.041670 0.042306 0.041124
   0.027208 0.025970 0.020512 0.013113 0.012407 0.019514 0.025915 0.026377 0.022456 0.017103 0.012052 0.008212 0.006415 0.007444 0.012257 0.021482 0.035237 0.053457 0.075745 0.100556 0.117465 0.112420 0.087476 0.073165 0.105361 0.168952 0.210281 0.208556 0.183511 0.155652 0.131303 0.110505 0.093482 0.080502 0.071067 0.064531 0.060644 0.059392 0.060359 0.057860
   0.030438 0.025673 0.017386 0.016463 0.028180 0.039052 0.039613 0.033646 0.026229 0.018974 0.012619 0.008664 0.008358 0.012484 0.021633 0.035476 0.053457 0.075802 0.103782 0.127699 0.129878 0.108929 0.093942 0.138618 0.239810 0.310635 0.304965 0.260890 0.220188 0.190582 0.165309 0.142275 0.123902 0.110786 0.101310 0.094298 0.090149 0.089116 0.089923 0.083338
   0.031302 0.022546 0.021332 0.039134 0.057545 0.057963 0.047685 0.037072 0.027659 0.018840 0.012291 0.010114 0.013070 0.021782 0.035895 0.054001 0.075745 0.103782 0.130990 0.137553 0.121106 0.108125 0.164784 0.317390 0.446813 0.448151 0.372920 0.304950 0.263786 0.233459 0.203625 0.177803 0.160102 0.148937 0.141045 0.135814 0.134108 0.136253 0.138177 0.125924
   0.028206 0.024702 0.046728 0.075688 0.078124 0.061450 0.046214 0.035346 0.025347 0.016744 0.012634 0.014260 0.022118 0.036225 0.054493 0.075162 0.100556 0.127699 0.137553 0.124160 0.111246 0.168567 0.364477 0.578704 0.617057 0.509259 0.398770 0.336151 0.300144 0.266985 0.235149 0.212476 0.199984 0.193264 0.189425 0.188911 0.194492 0.205312 0.211528 0.189551
   0.030584 0.046591 0.083717 0.092341 0.070119 0.049293 0.038269 0.029697 0.020927 0.015362 0.015772 0.022855 0.036852 0.055151 0.073964 0.094362 0.117465 0.129878 0.121106 0.111246 0.163637 0.370071 0.651643 0.751668 0.630408 0.477272 0.391292 0.352742 0.326107 0.297882 0.274947 0.262597 0.257396 0.254359 0.252450 0.255991 0.271602 0.291313 0.296234 0.245240
   0.051073 0.079079 0.096047 0.072935 0.046129 0.034990 0.030002 0.023690 0.017695 0.016876 0.023588 0.038237 0.057278 0.073837 0.087073 0.101583 0.112420 0.108929 0.108125 0.168567 0.370071 0.667928 0.812034 0.697118 0.517766 0.420019 0.387618 0.377606 0.366195 0.353198 0.347954 0.349707 0.349943 0.343140 0.333142 0.334234 0.351522 0.364332 0.346709 0.258409
   0.075899 0.090037 0.074143 0.043474 0.029420 0.026888 0.024326 0.019386 0.017267 0.023716 0.040320 0.062002 0.077337 0.082168 0.084580 0.088427 0.087476 0.093942 0.164784 0.364477 0.651643 0.812034 0.713806 0.525408 0.426059 0.407093 0.416275 0.426074 0.430015 0.441884 0.465988 0.486868 0.484164 0.453592 0.417097 0.400628 0.397970 0.383219 0.341761 0.255775
   0.078582 0.072310 0.046244 0.028004 0.024042 0.023559 0.020513 0.017477 0.023298 0.042693 0.069121 0.085474 0.082392 0.071367 0.065105 0.063567 0.073165 0.138618 0.317390 0.578704 0.751668 0.697118 0.525408 0.424890 0.415223 0.438648 0.461936 0.478101 0.513316 0.581018 0.655778 0.689603 0.647216 0.554164 0.469658 0.419035 0.383661 0.350437 0.317940 0.267481
   0.060164 0.048250 0.031169 0.024261 0.023263 0.021454 0.018253 0.023055 0.044731 0.076405 0.095596 0.086837 0.063642 0.047608 0.043724 0.054217 0.105361 0.239810 0.446813 0.617057 0.630408 0.517766 0.426059 0.415223 0.445705 0.474872 0.492923 0.552502 0.687417 0.852523 0.969504 0.946524 0.783475 0.593988 0.459494 0.379313 0.330744 0.309472 0.294773 0.260603
   0.039691 0.032390 0.025310 0.023340 0.022083 0.019636 0.023641 0.045635 0.080257 0.101890 0.090427 0.059050 0.036369 0.031041 0.040952 0.078452 0.168952 0.310635 0.448151 0.509259 0.477272 0.420019 0.407093 0.438648 0.474872 0.493911 0.571086 0.787668 1.074083 1.311903 1.360932 1.138897 0.802575 0.544047 0.395061 0.315777 0.282758 0.275563 0.252927 0.214646
   0.025968 0.023424 0.021430 0.020839 0.020104 0.024347 0.044420 0.077691 0.099434 0.087951 0.054178 0.029258 0.024716 0.034316 0.061107 0.119673 0.210281 0.304965 0.372920 0.398770 0.391292 0.387618 0.416275 0.461936 0.492923 0.571086 0.835080 1.243937 1.620651 1.793646 1.584617 1.102021 0.678171 0.438228 0.319914 0.266180 0.249115 0.232706 0.193540 0.157714
   0.017227 0.016926 0.016781 0.017670 0.022715 0.039648 0.067714 0.087114 0.078089 0.047919 0.024913 0.022446 0.032372 0.051597 0.088933 0.146796 0.208556 0.260890 0.304950 0.336151 0.352742 0.377606 0.426074 0.478101 0.552502 0.787668 1.243938 1.746906 2.063780 1.957919 1.424688 0.846489 0.498001 0.337402 0.265047 0.234541 0.214018 0.180214 0.140402 0.116311
