CRYSTAL
PRIMVEC
 2.73823450000000 2.73823450000000 0.00000000000000
 0.00000000000000 2.73823450000000 2.73823450000000
 2.73823450000000 0.00000000000000 2.73823450000000
PRIMCOORD
 2 1
 14     0.00000000000000     0.00000000000000     0.00000000000000
 14     1.36911720000000     1.36911720000000     1.36911720000000
BEGIN_BLOCK_DATAGRID_3D
 data
 BEGIN_DATAGRID_3Dgrid#1
  40 40 40
  -5.750292 -5.750292 -5.750292
  5.339557 5.339557 0.000000
  0.000000 5.339557 5.339557
  5.339557 0.000000 5.339557
   0.015808 0.023235 0.028192 0.026652 0.022851 0.015999 0.008226 0.005114 0.010192 0.009390 0.003888 0.002001 0.001290 0.000831 0.001573 0.008361 0.022126 0.022996 0.021136 0.025962 0.025888 0.021130 0.017482 0.012254 0.017645 0.027924 0.030860 0.022221 0.010576 0.004598 0.002388 0.001593 0.001280 0.001337 0.001825 0.002789 0.003587 0.003094 0.002167 0.000261
   0.023235 0.027282 0.026633 0.023719 0.018627 0.010554 0.003701 0.004271 0.012181 0.007749 0.003227 0.001918 0.001109 0.000471 0.003354 0.017052 0.019952 0.012214 0.014925 0.020384 0.021342 0.020615 0.027913 0.043209 0.038850 0.007321 -0.004442 -0.002370 0.000314 0.001587 0.001851 0.001642 0.001467 0.001558 0.001973 0.002969 0.004373 0.005280 0.004910 0.002918
   0.028192 0.026633 0.021682 0.016944 0.010026 0.002419 -0.000362 0.007031 0.013004 0.005506 0.002639 0.001822 0.001081 0.002196 0.013221 0.015845 0.002061 0.002259 0.010359 0.018645 0.025895 0.042892 0.050639 -0.034695 -0.074286 -0.044320 -0.022185 -0.009707 -0.002187 0.001539 0.002585 0.002658 0.002679 0.002660 0.002674 0.003268 0.005149 0.008304 0.010836 0.011079
   0.026652 0.023719 0.016944 0.009503 0.001529 -0.003099 0.001009 0.013679 0.009238 0.003119 0.002182 0.002002 0.002377 0.009065 0.014430 -0.002074 -0.004790 0.003235 0.016129 0.030596 0.053920 0.066116 -0.017257 -0.069951 -0.048456 -0.027594 -0.015704 -0.006891 -0.000031 0.003498 0.004761 0.005304 0.004902 0.003851 0.002909 0.002704 0.003790 0.005562 0.005194 0.000411
   0.022851 0.018627 0.010026 0.001529 -0.004044 -0.002315 0.009922 0.013063 0.003146 0.001592 0.002272 0.002903 0.006313 0.013291 -0.000242 -0.006086 -0.001125 0.010844 0.026713 0.050338 0.074763 0.034729 -0.030354 -0.035347 -0.024388 -0.016916 -0.010506 -0.002974 0.003176 0.006936 0.009567 0.008973 0.006030 0.003811 0.002569 0.002353 0.002882 0.003224 0.002308 0.002315
   0.015999 0.010554 0.002420 -0.003099 -0.002315 0.007818 0.014818 0.002774 0.000326 0.001799 0.003059 0.004922 0.009843 0.004630 -0.002742 -0.001658 0.005581 0.017179 0.034582 0.059005 0.057869 0.010803 -0.014678 -0.016503 -0.014589 -0.011683 -0.005689 0.001674 0.008154 0.014843 0.015496 0.009221 0.005394 0.003852 0.003275 0.003777 0.004656 0.004994 0.004457 0.005640
   0.008226 0.003701 -0.000362 0.001009 0.009922 0.014818 0.002440 -0.000868 0.001065 0.002974 0.004426 0.006838 0.006958 0.002115 0.000977 0.003784 0.009674 0.019251 0.035256 0.048412 0.030924 0.003301 -0.007584 -0.009906 -0.009585 -0.006057 0.000593 0.008895 0.020077 0.023863 0.013180 0.007047 0.005542 0.004613 0.004513 0.005701 0.006907 0.006295 0.005298 0.006490
   0.005114 0.004271 0.007031 0.013679 0.013063 0.002774 -0.000868 0.000673 0.002761 0.004209 0.005379 0.005764 0.004413 0.003612 0.004703 0.007371 0.011875 0.020153 0.031688 0.031721 0.013512 -0.000130 -0.004136 -0.004368 -0.002784 0.001531 0.009978 0.024857 0.031964 0.016690 0.007795 0.006666 0.005734 0.004649 0.005071 0.007332 0.008730 0.006431 0.005642 0.006412
   0.010192 0.012181 0.013004 0.009238 0.003146 0.000326 0.001065 0.002761 0.004041 0.004641 0.004345 0.003764 0.003721 0.004750 0.007103 0.010616 0.015774 0.023166 0.027445 0.018603 0.006388 0.002090 0.002250 0.002965 0.004663 0.011333 0.028200 0.038275 0.019314 0.007615 0.007124 0.006571 0.004667 0.003882 0.005666 0.009473 0.009930 0.006343 0.006122 0.006655
   0.009390 0.007749 0.005506 0.003119 0.001592 0.001799 0.002974 0.004209 0.004641 0.003820 0.002952 0.002808 0.003420 0.005250 0.008556 0.012994 0.017897 0.021087 0.018236 0.011075 0.007506 0.007711 0.008085 0.008213 0.012605 0.029561 0.042323 0.021177 0.007149 0.007552 0.007618 0.004842 0.002858 0.003921 0.008200 0.012453 0.009398 0.005323 0.006141 0.007406
   0.003888 0.003227 0.002639 0.002182 0.002272 0.003059 0.004426 0.005379 0.004345 0.002952 0.002450 0.002667 0.003657 0.005637 0.008348 0.010911 0.012137 0.011375 0.009371 0.008316 0.008969 0.009777 0.010129 0.013622 0.029766 0.044716 0.022692 0.006881 0.008300 0.009363 0.005654 0.002008 0.002119 0.006627 0.013184 0.014070 0.006711 0.003569 0.006233 0.007990
   0.002001 0.001918 0.001822 0.002002 0.002903 0.004922 0.006838 0.005764 0.003764 0.002808 0.002667 0.003213 0.004247 0.005424 0.006222 0.006110 0.005420 0.005051 0.005322 0.006224 0.007694 0.009662 0.014200 0.029335 0.046459 0.026039 0.008066 0.009705 0.012168 0.008104 0.002388 0.000521 0.004533 0.013079 0.018637 0.011970 0.003746 0.003377 0.007419 0.008068
   0.001290 0.001109 0.001081 0.002377 0.006313 0.009843 0.006958 0.004413 0.003721 0.003420 0.003657 0.004247 0.004524 0.004111 0.003107 0.002246 0.002250 0.002763 0.003416 0.004893 0.008092 0.014168 0.028112 0.047369 0.034644 0.013106 0.012542 0.016351 0.013082 0.005684 0.000984 0.003220 0.013194 0.024339 0.019369 0.005425 0.000946 0.003791 0.008865 0.008733
   0.000831 0.000471 0.002196 0.009065 0.013291 0.004630 0.002115 0.003612 0.004750 0.005250 0.005637 0.005424 0.004111 0.002173 0.000929 0.001054 0.001702 0.002212 0.003507 0.007165 0.014339 0.027622 0.047446 0.047212 0.023789 0.017574 0.022029 0.020916 0.012879 0.005373 0.005508 0.016759 0.034147 0.029492 0.003703 -0.005855 -0.003829 0.002201 0.009463 0.010560
   0.001573 0.003354 0.013221 0.014430 -0.000242 -0.002742 0.000977 0.004703 0.007103 0.008556 0.008348 0.006222 0.003107 0.000929 0.000771 0.001522 0.002099 0.003305 0.007098 0.015094 0.028577 0.047766 0.057079 0.038125 0.025000 0.029084 0.031863 0.025020 0.015383 0.014361 0.028747 0.052451 0.043229 -0.001852 -0.018260 -0.016198 -0.009847 -0.001123 0.009810 0.014496
   0.008361 0.017052 0.015845 -0.002074 -0.006086 -0.001658 0.003784 0.007371 0.010616 0.012994 0.010911 0.006110 0.002246 0.001054 0.001522 0.002202 0.003484 0.007358 0.015943 0.029945 0.048022 0.060361 0.050173 0.034963 0.038751 0.047243 0.044539 0.034731 0.034133 0.053971 0.082207 0.060934 -0.001879 -0.027142 -0.027050 -0.021032 -0.013202 -0.001630 0.013189 0.021505
   0.022126 0.019952 0.002061 -0.004790 -0.001125 0.005581 0.009674 0.011875 0.015774 0.017897 0.012137 0.005420 0.002250 0.001702 0.002099 0.003484 0.007498 0.016431 0.030827 0.047636 0.058339 0.055050 0.047537 0.055678 0.071802 0.075751 0.069747 0.073408 0.099039 0.123220 0.080344 0.004768 -0.028810 -0.033425 -0.029405 -0.022442 -0.011729 0.003148 0.019872 0.030212
   0.022996 0.012214 0.002259 0.003235 0.010844 0.017179 0.019252 0.020153 0.023166 0.021087 0.011375 0.005051 0.002763 0.002212 0.003305 0.007358 0.016431 0.031089 0.047058 0.054988 0.054328 0.059441 0.080947 0.109526 0.121736 0.126107 0.145969 0.178381 0.179108 0.100320 0.010423 -0.030003 -0.038957 -0.037684 -0.031964 -0.020649 -0.004942 0.011186 0.027708 0.041514
   0.021136 0.014925 0.010359 0.016129 0.026713 0.034582 0.035256 0.031688 0.027445 0.018236 0.009371 0.005322 0.003416 0.003507 0.007098 0.015943 0.030827 0.047058 0.053538 0.052876 0.065339 0.097238 0.146943 0.173289 0.197231 0.261515 0.311815 0.258714 0.123823 0.013798 -0.034459 -0.045115 -0.044238 -0.040071 -0.029086 -0.011050 0.006192 0.019305 0.038395 0.066439
   0.025962 0.020384 0.018645 0.030596 0.050338 0.059005 0.048411 0.031721 0.018603 0.011075 0.008316 0.006224 0.004893 0.007165 0.015094 0.029945 0.047636 0.054988 0.052876 0.066482 0.090495 0.133588 0.204111 0.258731 0.399064 0.475013 0.335173 0.144664 0.022271 -0.032566 -0.042975 -0.037572 -0.032315 -0.023963 -0.007115 0.011076 0.020767 0.029222 0.062547 0.117068
   0.025888 0.021342 0.025895 0.053920 0.074763 0.057870 0.030923 0.013512 0.006389 0.007506 0.008969 0.007694 0.008092 0.014339 0.028577 0.048022 0.058339 0.054328 0.065339 0.090495 0.074108 0.163433 0.281100 0.466838 0.474474 0.270773 0.125409 0.039765 -0.007321 -0.016721 -0.004936 0.006101 0.013332 0.025440 0.041282 0.047858 0.042990 0.052130 0.108045 0.170133
   0.021130 0.020615 0.042892 0.066116 0.034729 0.010803 0.003301 -0.000130 0.002084 0.007711 0.009777 0.009662 0.014167 0.027622 0.047766 0.060361 0.055050 0.059441 0.097238 0.133588 0.163433 0.259545 0.303482 -0.044778 -0.091309 0.020975 0.056899 0.044569 0.039108 0.053436 0.070461 0.081133 0.091723 0.105742 0.112150 0.099842 0.081728 0.096973 0.154974 0.150374
   0.017482 0.027913 0.050639 -0.017257 -0.030354 -0.014678 -0.007584 -0.004136 0.002250 0.008085 0.010129 0.014200 0.028112 0.047446 0.057079 0.050173 0.047538 0.080947 0.146943 0.204111 0.281100 0.303482 -0.565742 -0.523980 -0.131927 0.063013 0.106916 0.110764 0.122774 0.141184 0.157310 0.174061 0.193247 0.205412 0.195261 0.162848 0.137006 0.151144 0.174555 0.067865
   0.012254 0.043209 -0.034695 -0.069951 -0.035347 -0.016504 -0.009906 -0.004368 0.002965 0.008213 0.013622 0.029335 0.047369 0.047212 0.038125 0.034963 0.055678 0.109526 0.173289 0.258731 0.466838 -0.044778 -0.523980 -0.207151 0.061200 0.156978 0.175090 0.183940 0.199027 0.219924 0.250550 0.287026 0.313432 0.311083 0.274053 0.222114 0.190870 0.191203 0.178746 0.061474
   0.017645 0.038850 -0.074286 -0.048456 -0.024388 -0.014589 -0.009585 -0.002784 0.004663 0.012605 0.029766 0.046459 0.034644 0.023789 0.025000 0.038751 0.071802 0.121736 0.197231 0.399064 0.474474 -0.091309 -0.131926 0.061200 0.176110 0.212521 0.223270 0.234129 0.257835 0.306389 0.374689 0.433017 0.444323 0.399646 0.325189 0.257309 0.219506 0.201733 0.173177 0.078003
   0.027924 0.007321 -0.044320 -0.027594 -0.016916 -0.011683 -0.006057 0.001531 0.011333 0.029561 0.044716 0.026039 0.013106 0.017574 0.029084 0.047243 0.075751 0.126107 0.261515 0.475013 0.270773 0.020975 0.063013 0.156978 0.212521 0.236330 0.247996 0.270500 0.327178 0.425332 0.542222 0.601825 0.547895 0.436734 0.332746 0.257295 0.209169 0.171685 0.136096 0.063211
   0.030859 -0.004442 -0.022185 -0.015704 -0.010506 -0.005689 0.000593 0.009978 0.028200 0.042323 0.022692 0.008066 0.012542 0.022029 0.031863 0.044539 0.069747 0.145969 0.311815 0.335173 0.125409 0.056899 0.106916 0.175090 0.223270 0.247996 0.270748 0.318392 0.411882 0.572227 0.736159 0.723513 0.562665 0.410251 0.302031 0.223191 0.161405 0.111554 0.084926 0.048479
   0.022221 -0.002370 -0.009707 -0.006891 -0.002974 0.001674 0.008895 0.024857 0.038275 0.021177 0.006881 0.009705 0.016351 0.020916 0.025020 0.034731 0.073408 0.178381 0.258714 0.144664 0.039765 0.044569 0.110764 0.183940 0.234129 0.270499 0.318392 0.389615 0.537795 0.777328 0.873634 0.700772 0.488209 0.346167 0.246296 0.164164 0.097212 0.055325 0.052551 0.053098
   0.010576 0.000314 -0.002187 -0.000031 0.003176 0.008154 0.020077 0.031961 0.019314 0.007149 0.008300 0.012168 0.013082 0.012879 0.015383 0.034133 0.099039 0.179108 0.123823 0.022271 -0.007321 0.039108 0.122774 0.199027 0.257835 0.327178 0.411882 0.537796 0.774023 0.943915 0.814667 0.563740 0.384006 0.268021 0.176088 0.097952 0.044397 0.026673 0.048479 0.068396
   0.004598 0.001587 0.001539 0.003498 0.006936 0.014843 0.023863 0.016691 0.007615 0.007552 0.009363 0.008104 0.005684 0.005373 0.014361 0.053971 0.123220 0.100320 0.013798 -0.032566 -0.016721 0.053436 0.141184 0.219924 0.306389 0.425332 0.572227 0.777328 0.943915 0.858325 0.615997 0.413371 0.281794 0.185618 0.104603 0.044282 0.017197 0.023733 0.057837 0.066876
   0.002388 0.001851 0.002585 0.004761 0.009567 0.015496 0.013180 0.007795 0.007124 0.007618 0.005654 0.002388 0.000984 0.005508 0.028747 0.082207 0.080343 0.010423 -0.034459 -0.042975 -0.004936 0.070461 0.157310 0.250550 0.374689 0.542222 0.736159 0.873632 0.814667 0.615997 0.425474 0.288203 0.188576 0.108204 0.046308 0.013835 0.011665 0.031546 0.058408 0.048536
   0.001593 0.001642 0.002658 0.005304 0.008973 0.009221 0.007047 0.006666 0.006571 0.004842 0.002008 0.000521 0.003220 0.016759 0.052451 0.060934 0.004768 -0.030003 -0.045115 -0.037572 0.006101 0.081133 0.174061 0.287026 0.433017 0.601825 0.723513 0.700772 0.563740 0.413371 0.288203 0.188671 0.108113 0.046172 0.011348 0.004901 0.015711 0.036820 0.044383 0.029964
   0.001280 0.001467 0.002679 0.004902 0.006030 0.005394 0.005542 0.005734 0.004667 0.002858 0.002119 0.004533 0.013194 0.034147 0.043229 -0.001879 -0.028810 -0.038957 -0.044238 -0.032315 0.013332 0.091723 0.193247 0.313432 0.444323 0.547895 0.562665 0.488209 0.384006 0.281794 0.188576 0.108113 0.045510 0.009209 0.000596 0.007448 0.019904 0.034218 0.027249 0.017384
   0.001337 0.001558 0.002660 0.003851 0.003811 0.003852 0.004613 0.004649 0.003882 0.003921 0.006627 0.013079 0.024339 0.029492 -0.001852 -0.027142 -0.033425 -0.037684 -0.040071 -0.023963 0.025440 0.105742 0.205412 0.311083 0.399646 0.436734 0.410251 0.346167 0.268021 0.185618 0.108204 0.046172 0.009209 -0.001013 0.003895 0.011949 0.021384 0.026267 0.016180 0.011202
   0.001825 0.001973 0.002674 0.002909 0.002569 0.003275 0.004513 0.005071 0.005666 0.008200 0.013184 0.018637 0.019369 0.003703 -0.018260 -0.027050 -0.029405 -0.031964 -0.029086 -0.007115 0.041282 0.112150 0.195261 0.274053 0.325189 0.332746 0.302031 0.246296 0.176088 0.104603 0.046308 0.011348 0.000596 0.003895 0.009850 0.015447 0.020172 0.018665 0.011969 0.009434
   0.002789 0.002969 0.003268 0.002704 0.002353 0.003777 0.005701 0.007332 0.009473 0.012453 0.014070 0.011970 0.005425 -0.005855 -0.016198 -0.021032 -0.022442 -0.020649 -0.011050 0.011076 0.047858 0.099842 0.162848 0.222114 0.257309 0.257295 0.223191 0.164164 0.097952 0.044282 0.013835 0.004901 0.007448 0.011949 0.015447 0.017546 0.017106 0.014746 0.011523 0.009671
   0.003587 0.004373 0.005149 0.003790 0.002882 0.004656 0.006907 0.008730 0.009930 0.009398 0.006711 0.003746 0.000946 -0.003829 -0.009847 -0.013202 -0.011729 -0.004942 0.006192 0.020767 0.042990 0.081728 0.137006 0.190870 0.219506 0.209169 0.161405 0.097212 0.044397 0.017197 0.011665 0.015710 0.019904 0.021384 0.020172 0.017106 0.014829 0.013817 0.012384 0.011216
   0.003094 0.005280 0.008304 0.005562 0.003224 0.004994 0.006295 0.006431 0.006343 0.005323 0.003569 0.003377 0.003791 0.002201 -0.001123 -0.001630 0.003148 0.011186 0.019305 0.029222 0.052130 0.096973 0.151144 0.191203 0.201733 0.171685 0.111554 0.055325 0.026673 0.023733 0.031546 0.036820 0.034218 0.026267 0.018665 0.014746 0.013817 0.014067 0.014085 0.014108
   0.002167 0.004910 0.010836 0.005194 0.002308 0.004457 0.005298 0.005642 0.006122 0.006141 0.006233 0.007419 0.008865 0.009463 0.009810 0.013189 0.019872 0.027708 0.038395 0.062547 0.108045 0.154974 0.174555 0.178748 0.173177 0.136096 0.084926 0.052551 0.048479 0.057837 0.058408 0.044383 0.027249 0.016180 0.011969 0.011523 0.012384 0.014085 0.015407 0.017631
   0.000261 0.002918 0.011079 0.000411 0.002315 0.005640 0.006490 0.006412 0.006655 0.007406 0.007990 0.008068 0.008733 0.010560 0.014496 0.021505 0.030212 0.041514 0.066439 0.117068 0.170133 0.150374 0.067868 0.061498 0.078003 0.063211 0.048479 0.053098 0.068396 0.066876 0.048536 0.029964 0.017384 0.011202 0.009434 0.009671 0.011216 0.014108 0.017631 0.023909

   0.023235 0.027282 0.026633 0.023719 0.018627 0.010554 0.003701 0.004271 0.012181 0.007749 0.003227 0.001918 0.001109 0.000471 0.003354 0.017052 0.019952 0.012214 0.014925 0.020384 0.021342 0.020615 0.027913 0.043209 0.038850 0.007321 -0.004442 -0.002370 0.000314 0.001587 0.001851 0.001642 0.001467 0.001558 0.001973 0.002969 0.004373 0.005280 0.004910 0.002918
   0.027282 0.027084 0.023324 0.019700 0.013404 0.005056 0.000381 0.006453 0.013217 0.005395 0.002630 0.001880 0.000952 0.000773 0.009859 0.018844 0.005822 0.004511 0.010405 0.015723 0.018553 0.030381 0.052763 0.034911 0.003622 -0.004044 -0.003584 -0.001236 0.001208 0.002593 0.002794 0.002519 0.002324 0.002250 0.002359 0.003071 0.004871 0.007721 0.009290 0.007886
   0.026633 0.023324 0.017758 0.012038 0.004358 -0.001885 0.000296 0.014327 0.009474 0.003055 0.002158 0.001926 0.001755 0.007073 0.017357 -0.000055 -0.004748 0.000443 0.009537 0.020015 0.040657 0.062411 0.027029 -0.007677 -0.012095 -0.008951 -0.005505 -0.001696 0.001992 0.004090 0.004762 0.004990 0.004614 0.003717 0.002956 0.003013 0.004723 0.008050 0.010302 0.004856
   0.023719 0.019700 0.012038 0.003673 -0.003472 -0.003728 0.010066 0.015228 0.003876 0.001824 0.002279 0.002729 0.005742 0.015637 0.001822 -0.007270 -0.004448 0.005460 0.020167 0.045689 0.076767 0.052324 0.007238 -0.006150 -0.006501 -0.005458 -0.003687 0.000002 0.004131 0.007064 0.009424 0.009477 0.006787 0.004187 0.002702 0.002628 0.003835 0.004969 0.003644 0.000836
   0.018627 0.013404 0.004358 -0.003472 -0.005210 0.006309 0.019216 0.005354 0.001435 0.002211 0.003242 0.005118 0.011384 0.008300 -0.003680 -0.004998 0.001855 0.014942 0.037331 0.070924 0.072618 0.031483 0.007284 0.000595 -0.001869 -0.003360 -0.001991 0.002490 0.007689 0.014293 0.017785 0.012353 0.006658 0.003735 0.002794 0.003464 0.004699 0.005393 0.004728 0.004807
   0.010554 0.005056 -0.001885 -0.003728 0.006309 0.020247 0.006629 0.001335 0.002222 0.003670 0.005069 0.008155 0.010383 0.003063 -0.001545 0.000551 0.008243 0.022620 0.047630 0.066081 0.046594 0.020302 0.008015 0.002514 -0.001362 -0.002579 0.000640 0.006667 0.017265 0.028963 0.021759 0.011051 0.006199 0.004148 0.004160 0.005543 0.006687 0.006676 0.005873 0.006665
   0.003701 0.000381 0.000296 0.010066 0.019216 0.006629 0.001361 0.002364 0.004163 0.005530 0.007032 0.008398 0.006780 0.003260 0.002398 0.005067 0.011821 0.025629 0.043694 0.044113 0.026579 0.012789 0.005575 0.000929 -0.001603 -0.000113 0.005664 0.019043 0.040390 0.033937 0.016681 0.009751 0.006480 0.005030 0.005941 0.007840 0.007803 0.005934 0.005220 0.006284
   0.004271 0.006453 0.014327 0.015228 0.005354 0.001335 0.002364 0.004406 0.005983 0.006987 0.006998 0.006104 0.005175 0.004742 0.005614 0.008410 0.014837 0.025990 0.032950 0.025818 0.014552 0.007342 0.003225 0.000734 0.000669 0.005239 0.020895 0.050833 0.045300 0.020896 0.012521 0.008793 0.005873 0.005379 0.007968 0.010275 0.007194 0.004218 0.004508 0.005627
   0.012181 0.013217 0.009474 0.003876 0.001435 0.002222 0.004163 0.005983 0.007040 0.006490 0.004927 0.004116 0.004418 0.005711 0.008350 0.012687 0.019117 0.024618 0.022618 0.015056 0.009213 0.006229 0.004269 0.002984 0.005354 0.021468 0.057965 0.052848 0.022917 0.013775 0.010306 0.006269 0.004150 0.006178 0.011821 0.011896 0.004605 0.002518 0.003790 0.005146
   0.007749 0.005395 0.003055 0.001824 0.002211 0.003670 0.005530 0.006987 0.006490 0.004544 0.003248 0.003190 0.004131 0.006289 0.009869 0.014238 0.017586 0.017544 0.014197 0.011083 0.009737 0.008573 0.006688 0.006828 0.020870 0.059368 0.053681 0.022666 0.014385 0.011795 0.006661 0.002554 0.003329 0.010302 0.017437 0.009169 0.001252 0.000585 0.002481 0.004670
   0.003227 0.002630 0.002158 0.002279 0.003242 0.005069 0.007032 0.006998 0.004927 0.003248 0.002791 0.003294 0.004438 0.006181 0.008189 0.009527 0.009762 0.009465 0.009591 0.010493 0.011171 0.010644 0.010709 0.022291 0.057131 0.047620 0.019380 0.014325 0.013926 0.008265 0.001570 -0.000035 0.006485 0.019264 0.017712 0.004009 -0.000968 -0.000603 0.001966 0.005041
   0.001918 0.001880 0.001926 0.002729 0.005118 0.008155 0.008398 0.006104 0.004116 0.003190 0.003294 0.003939 0.004488 0.004798 0.004728 0.004387 0.004500 0.005501 0.007255 0.009428 0.011711 0.014960 0.026516 0.053928 0.040939 0.015334 0.013563 0.016557 0.012070 0.003223 -0.001988 0.001884 0.017383 0.026843 0.010167 -0.000484 -0.002291 -0.000723 0.002884 0.006556
   0.001109 0.000952 0.001755 0.005742 0.011384 0.010383 0.006780 0.005175 0.004418 0.004131 0.004438 0.004488 0.003773 0.002701 0.001918 0.001934 0.002707 0.003967 0.006077 0.009817 0.015936 0.027888 0.048488 0.041939 0.016466 0.013582 0.019418 0.018056 0.008819 0.000028 -0.000165 0.015116 0.036947 0.018716 -0.000579 -0.005072 -0.003911 -0.001019 0.004003 0.008324
   0.000471 0.000773 0.007073 0.015637 0.008300 0.003063 0.003260 0.004742 0.005711 0.006289 0.006181 0.004798 0.002701 0.001210 0.001039 0.001688 0.002518 0.004143 0.008028 0.015312 0.027382 0.044532 0.047585 0.025458 0.016261 0.022304 0.025390 0.018234 0.007164 0.003546 0.018809 0.051145 0.030369 -0.002860 -0.011078 -0.009859 -0.006517 -0.002492 0.004407 0.010420
   0.003354 0.009859 0.017357 0.001822 -0.003680 -0.001545 0.002398 0.005614 0.008350 0.009870 0.008189 0.004728 0.001918 0.001039 0.001508 0.002234 0.003614 0.007309 0.014953 0.027493 0.043642 0.051485 0.036803 0.022409 0.025736 0.033365 0.031233 0.020703 0.016095 0.035115 0.074677 0.045441 -0.004210 -0.018160 -0.017518 -0.013462 -0.009260 -0.004012 0.005319 0.013906
   0.017052 0.018844 -0.000055 -0.007270 -0.004998 0.000551 0.005067 0.008410 0.012687 0.014238 0.009527 0.004387 0.001934 0.001688 0.002234 0.003588 0.007206 0.014950 0.027880 0.043648 0.052184 0.043530 0.030976 0.033001 0.044206 0.048823 0.043299 0.042966 0.070218 0.108997 0.061953 -0.001213 -0.022672 -0.024541 -0.020679 -0.015939 -0.010759 -0.003530 0.007937 0.018158
   0.019952 0.005822 -0.004748 -0.004448 0.001855 0.008243 0.011821 0.014837 0.019117 0.017586 0.009762 0.004500 0.002707 0.002518 0.003614 0.007206 0.014997 0.028099 0.043369 0.050344 0.043788 0.037959 0.045716 0.062184 0.073593 0.078093 0.092096 0.131513 0.152664 0.078666 0.003733 -0.025558 -0.031298 -0.028934 -0.024120 -0.017758 -0.009799 -0.000505 0.011628 0.022778
   0.012214 0.004511 0.000443 0.005460 0.014942 0.022620 0.025630 0.025990 0.024618 0.017544 0.009465 0.005501 0.003967 0.004143 0.007309 0.014950 0.028099 0.043148 0.048355 0.040992 0.040116 0.056174 0.081300 0.101021 0.122286 0.170843 0.231131 0.211043 0.099056 0.009881 -0.028558 -0.038617 -0.038044 -0.034080 -0.026847 -0.016163 -0.005126 0.003954 0.015598 0.031794
   0.014925 0.010405 0.009537 0.020167 0.037331 0.047630 0.043694 0.032950 0.022618 0.014197 0.009591 0.007255 0.006077 0.008028 0.014953 0.027880 0.043369 0.048355 0.039519 0.039427 0.056763 0.082023 0.109833 0.156087 0.268314 0.361028 0.275122 0.122884 0.022447 -0.025725 -0.040814 -0.040849 -0.037396 -0.031106 -0.019272 -0.005203 0.004154 0.009214 0.023404 0.052961
   0.020384 0.015723 0.020015 0.045689 0.070924 0.066080 0.044113 0.025818 0.015056 0.011083 0.010493 0.009428 0.009817 0.015312 0.027493 0.043648 0.050344 0.040992 0.039427 0.054487 0.064230 0.076284 0.143983 0.316863 0.400568 0.265909 0.128786 0.044474 -0.004389 -0.024801 -0.025258 -0.020133 -0.014829 -0.005013 0.009613 0.020052 0.020386 0.021370 0.045186 0.082264
   0.021342 0.018553 0.040657 0.076767 0.072618 0.046594 0.026579 0.014552 0.009213 0.009737 0.011171 0.011711 0.015936 0.027382 0.043642 0.052184 0.043788 0.040116 0.056763 0.064230 0.042346 0.073434 0.179519 0.139570 0.084389 0.082637 0.069437 0.040828 0.018842 0.015282 0.022154 0.029011 0.037466 0.051156 0.063112 0.061999 0.050963 0.054800 0.086389 0.087822
   0.020615 0.030381 0.062411 0.052324 0.031483 0.020302 0.012789 0.007342 0.006228 0.008573 0.010644 0.014960 0.027888 0.044532 0.051485 0.043530 0.037959 0.056174 0.082023 0.076284 0.073434 0.023313 -0.207945 -0.170991 -0.007071 0.088407 0.101358 0.085048 0.075897 0.080913 0.090815 0.102257 0.118045 0.133929 0.136538 0.120323 0.104234 0.115718 0.132061 0.046180
   0.027913 0.052763 0.027029 0.007239 0.007284 0.008015 0.005575 0.003225 0.004269 0.006688 0.010709 0.026516 0.048488 0.047585 0.036803 0.030977 0.045716 0.081300 0.109833 0.143983 0.179519 -0.207945 -0.283572 -0.076869 0.099848 0.160383 0.156095 0.142498 0.142498 0.155540 0.176049 0.201393 0.225347 0.234454 0.218078 0.187548 0.173515 0.181201 0.152900 -0.013222
   0.043209 0.034911 -0.007677 -0.006150 0.000595 0.002513 0.000929 0.000734 0.002984 0.006828 0.022291 0.053928 0.041939 0.025458 0.022409 0.033001 0.062184 0.101021 0.156087 0.316863 0.139570 -0.170991 -0.076869 0.104048 0.198037 0.210860 0.197570 0.193750 0.212983 0.252398 0.301905 0.343665 0.357952 0.335123 0.287326 0.244737 0.227864 0.209404 0.134735 -0.070527
   0.038850 0.003622 -0.012094 -0.006501 -0.001869 -0.001362 -0.001603 0.000669 0.005354 0.020870 0.057131 0.040939 0.016466 0.016261 0.025736 0.044206 0.073593 0.122287 0.268314 0.400568 0.084389 -0.007071 0.099848 0.198037 0.231585 0.227836 0.225074 0.254657 0.323495 0.419085 0.509115 0.540150 0.490749 0.402530 0.321417 0.268369 0.233722 0.179061 0.087865 -0.110681
   0.007321 -0.004044 -0.008951 -0.005458 -0.003360 -0.002581 -0.000113 0.005239 0.021468 0.059368 0.047620 0.015334 0.013582 0.022304 0.033365 0.048823 0.078093 0.170842 0.361028 0.265909 0.082637 0.088407 0.160383 0.210860 0.227836 0.234827 0.273452 0.363649 0.502519 0.680380 0.800416 0.728425 0.553594 0.407656 0.311962 0.247378 0.185866 0.108649 0.038018 -0.098222
   -0.004442 -0.003584 -0.005505 -0.003687 -0.001991 0.000640 0.005664 0.020895 0.057965 0.053681 0.019380 0.013563 0.019418 0.025390 0.031233 0.043299 0.092096 0.231131 0.275122 0.128786 0.069437 0.101358 0.156095 0.197570 0.225074 0.273452 0.370628 0.507253 0.728189 1.022608 1.033020 0.754636 0.508810 0.361803 0.267743 0.189901 0.110307 0.039261 0.011779 -0.037884
   -0.002370 -0.001236 -0.001696 0.000002 0.002490 0.006666 0.019043 0.050834 0.052848 0.022666 0.014325 0.016557 0.018056 0.018234 0.020703 0.042966 0.131513 0.211043 0.122884 0.044474 0.040828 0.085048 0.142498 0.193750 0.254657 0.363649 0.507253 0.691654 1.059082 1.249687 0.958155 0.620335 0.414517 0.292332 0.201244 0.116643 0.042348 0.002190 0.018154 0.031986
   0.000314 0.001208 0.001992 0.004131 0.007689 0.017265 0.040390 0.045301 0.022920 0.014385 0.013926 0.012070 0.008819 0.007164 0.016095 0.070218 0.152664 0.099056 0.022447 -0.004390 0.018842 0.075897 0.142498 0.212983 0.323495 0.502519 0.728189 1.059083 1.300876 1.074815 0.718595 0.467259 0.314686 0.212271 0.126226 0.050609 0.003530 0.000597 0.044483 0.071572
   0.001587 0.002593 0.004090 0.007064 0.014293 0.028963 0.033937 0.020897 0.013774 0.011795 0.008265 0.003223 0.000028 0.003546 0.035115 0.108997 0.078666 0.009881 -0.025725 -0.024801 0.015281 0.080913 0.155540 0.252398 0.419085 0.680380 1.022608 1.249686 1.074815 0.759889 0.506446 0.332645 0.217564 0.131520 0.058051 0.007647 -0.005064 0.017992 0.064197 0.065558
   0.001851 0.002794 0.004762 0.009424 0.017785 0.021759 0.016681 0.012521 0.010306 0.006661 0.001570 -0.001988 -0.000165 0.018809 0.074677 0.061953 0.003733 -0.028558 -0.040814 -0.025258 0.022154 0.090815 0.176049 0.301905 0.509115 0.800416 1.033019 0.958155 0.718596 0.506446 0.340381 0.218795 0.130926 0.060364 0.009849 -0.007815 0.004129 0.034812 0.059023 0.044061
   0.001642 0.002519 0.004990 0.009477 0.012353 0.011051 0.009751 0.008793 0.006269 0.002554 -0.000035 0.001883 0.015116 0.051145 0.045441 -0.001213 -0.025557 -0.038617 -0.040849 -0.020133 0.029011 0.102257 0.201393 0.343665 0.540150 0.728424 0.754636 0.620335 0.467259 0.332645 0.218795 0.129553 0.059244 0.009162 -0.010500 -0.003425 0.015351 0.039350 0.039838 0.026382
   0.001467 0.002324 0.004614 0.006787 0.006658 0.006199 0.006480 0.005873 0.004150 0.003329 0.006485 0.017383 0.036947 0.030369 -0.004210 -0.022672 -0.031298 -0.038044 -0.037396 -0.014829 0.037466 0.118045 0.225347 0.357952 0.490749 0.553594 0.508810 0.414517 0.314686 0.217564 0.130926 0.059244 0.008299 -0.012693 -0.007588 0.005802 0.020163 0.032912 0.022957 0.015726
   0.001558 0.002250 0.003717 0.004187 0.003735 0.004148 0.005030 0.005379 0.006178 0.010302 0.019264 0.026843 0.018716 -0.002860 -0.018160 -0.024541 -0.028934 -0.034080 -0.031106 -0.005013 0.051156 0.133929 0.234454 0.335123 0.402530 0.407656 0.361803 0.292332 0.212271 0.131520 0.060364 0.009162 -0.012693 -0.009002 0.002225 0.010884 0.019619 0.023223 0.013733 0.010954
   0.001973 0.002359 0.002956 0.002702 0.002794 0.004160 0.005941 0.007968 0.011821 0.017437 0.017712 0.010167 -0.000579 -0.011078 -0.017518 -0.020679 -0.024120 -0.026847 -0.019272 0.009613 0.063112 0.136538 0.218078 0.287326 0.321417 0.311962 0.267743 0.201244 0.126226 0.058051 0.009849 -0.010500 -0.007588 0.002225 0.008517 0.012739 0.016731 0.016022 0.010914 0.009714
   0.002969 0.003071 0.003013 0.002628 0.003464 0.005543 0.007840 0.010275 0.011896 0.009169 0.004009 -0.000484 -0.005072 -0.009859 -0.013462 -0.015939 -0.017758 -0.016163 -0.005203 0.020052 0.061999 0.120323 0.187548 0.244737 0.268369 0.247377 0.189901 0.116643 0.050609 0.007647 -0.007815 -0.003425 0.005802 0.010884 0.012739 0.013559 0.013751 0.013079 0.011109 0.010150
   0.004373 0.004871 0.004723 0.003835 0.004699 0.006687 0.007803 0.007194 0.004605 0.001252 -0.000968 -0.002291 -0.003911 -0.006517 -0.009260 -0.010759 -0.009799 -0.005126 0.004154 0.020386 0.050963 0.104234 0.173515 0.227864 0.233722 0.185866 0.110307 0.042348 0.003530 -0.005064 0.004129 0.015351 0.020163 0.019619 0.016731 0.013751 0.012726 0.012890 0.012199 0.011787
   0.005280 0.007721 0.008050 0.004969 0.005393 0.006676 0.005934 0.004218 0.002518 0.000585 -0.000603 -0.000723 -0.001019 -0.002492 -0.004012 -0.003530 -0.000505 0.003954 0.009214 0.021370 0.054800 0.115718 0.181201 0.209404 0.179061 0.108649 0.039261 0.002190 0.000597 0.017992 0.034812 0.039350 0.032912 0.023223 0.016022 0.013079 0.012890 0.013534 0.013479 0.013383
   0.004910 0.009290 0.010302 0.003644 0.004728 0.005873 0.005220 0.004508 0.003790 0.002481 0.001966 0.002884 0.004003 0.004407 0.005319 0.007937 0.011628 0.015598 0.023404 0.045186 0.086389 0.132061 0.152900 0.134735 0.087865 0.038018 0.011779 0.018154 0.044483 0.064197 0.059023 0.039838 0.022957 0.013733 0.010914 0.011110 0.012199 0.013479 0.013927 0.015421
   0.002918 0.007886 0.004856 0.000836 0.004807 0.006665 0.006284 0.005627 0.005146 0.004670 0.005041 0.006556 0.008324 0.010420 0.013906 0.018158 0.022778 0.031794 0.052961 0.082264 0.087822 0.046180 -0.013220 -0.070524 -0.110681 -0.098223 -0.037884 0.031986 0.071571 0.065558 0.044061 0.026382 0.015726 0.010954 0.009714 0.010150 0.011787 0.013383 0.015421 0.019929

   0.028192 0.026633 0.021682 0.016944 0.010026 0.002419 -0.000362 0.007031 0.013004 0.005506 0.002639 0.001822 0.001081 0.002196 0.013221 0.015845 0.002061 0.002259 0.010360 0.018645 0.025895 0.042892 0.050639 -0.034695 -0.074286 -0.044320 -0.022185 -0.009707 -0.002187 0.001539 0.002585 0.002658 0.002679 0.002660 0.002674 0.003268 0.005149 0.008304 0.010836 0.011079
   0.026633 0.023324 0.017758 0.012038 0.004358 -0.001885 0.000296 0.014327 0.009474 0.003055 0.002158 0.001926 0.001755 0.007073 0.017357 -0.000055 -0.004748 0.000443 0.009538 0.020015 0.040657 0.062411 0.027029 -0.007677 -0.012094 -0.008951 -0.005505 -0.001696 0.001992 0.004090 0.004762 0.004990 0.004614 0.003717 0.002956 0.003013 0.004723 0.008050 0.010302 0.004856
   0.021682 0.017758 0.011282 0.003991 -0.002590 -0.002543 0.011617 0.014885 0.003002 0.001310 0.002082 0.002705 0.005843 0.015997 0.001181 -0.008823 -0.006453 0.002858 0.017332 0.043359 0.068762 0.038850 0.002354 -0.005937 -0.005364 -0.004556 -0.003161 0.000320 0.004479 0.007355 0.009680 0.009819 0.007014 0.004253 0.002721 0.002685 0.004011 0.005149 0.003229 -0.000702
   0.016944 0.012038 0.003991 -0.003109 -0.004116 0.008808 0.019843 0.004230 0.000551 0.001850 0.003298 0.005557 0.012141 0.008960 -0.005069 -0.007524 -0.000888 0.013165 0.038790 0.071156 0.060876 0.023664 0.007679 0.003753 0.001126 -0.001500 -0.001311 0.002984 0.008037 0.014419 0.019009 0.013653 0.007037 0.003697 0.002821 0.003767 0.005320 0.005981 0.004543 0.003519
   0.010026 0.004358 -0.002590 -0.004116 0.007692 0.022022 0.006094 0.000569 0.001949 0.003918 0.005847 0.009435 0.011791 0.003281 -0.003462 -0.001907 0.007373 0.026335 0.056045 0.066950 0.041845 0.020974 0.012765 0.008037 0.002790 -0.000936 0.001100 0.006157 0.014684 0.029726 0.026298 0.012884 0.006329 0.004087 0.004652 0.006623 0.008128 0.008070 0.006597 0.006526
   0.002420 -0.001885 -0.002543 0.008808 0.022022 0.006952 0.000920 0.002392 0.004674 0.006490 0.008522 0.010110 0.008076 0.002797 0.000394 0.003633 0.013885 0.033500 0.051817 0.045631 0.028248 0.017641 0.011825 0.006207 0.000837 0.000326 0.003821 0.010948 0.034490 0.045286 0.023254 0.011594 0.006959 0.005858 0.007652 0.009563 0.009191 0.007253 0.005943 0.006555
   -0.000362 0.000296 0.011617 0.019843 0.006094 0.000920 0.002662 0.005294 0.007209 0.008671 0.009016 0.007836 0.006032 0.004018 0.003793 0.007523 0.017458 0.031592 0.036392 0.027862 0.018223 0.011940 0.006930 0.002202 0.000319 0.002058 0.008136 0.035641 0.066047 0.035740 0.018273 0.011589 0.008078 0.008525 0.011296 0.010923 0.007112 0.004535 0.004409 0.005482
   0.007031 0.014327 0.014885 0.004230 0.000569 0.002392 0.005294 0.007548 0.009044 0.008939 0.007033 0.005478 0.005150 0.005363 0.006933 0.011595 0.019654 0.025381 0.022900 0.016226 0.010647 0.006579 0.003074 0.000569 0.000289 0.006293 0.040238 0.085801 0.045204 0.022384 0.015507 0.010430 0.009214 0.013019 0.015132 0.008665 0.002843 0.001714 0.002838 0.004141
   0.013004 0.009474 0.003002 0.000551 0.001949 0.004674 0.007209 0.009044 0.009010 0.006774 0.004526 0.003871 0.004675 0.006741 0.010571 0.015751 0.019240 0.018189 0.014036 0.010194 0.007546 0.004949 0.001840 -0.000798 0.003863 0.044249 0.099152 0.049446 0.023721 0.017447 0.011208 0.008211 0.012749 0.020473 0.014168 0.002094 -0.001834 -0.001206 0.000603 0.002102
   0.005506 0.003057 0.001310 0.001850 0.003918 0.006490 0.008671 0.008939 0.006774 0.004256 0.003055 0.003362 0.004844 0.007467 0.010906 0.013316 0.013327 0.011812 0.010490 0.009882 0.008607 0.005529 0.001357 0.003645 0.045552 0.096455 0.044542 0.023588 0.019361 0.011630 0.005431 0.008898 0.022284 0.023809 0.005310 -0.003972 -0.005022 -0.003600 -0.001514 -0.000130
   0.002639 0.002157 0.002081 0.003298 0.005847 0.008522 0.009016 0.007033 0.004526 0.003055 0.002985 0.003892 0.004994 0.006115 0.006903 0.007080 0.007364 0.008418 0.010122 0.011354 0.010840 0.008776 0.011948 0.051639 0.076342 0.029098 0.020236 0.021496 0.013874 0.003610 0.003032 0.018033 0.033230 0.013381 -0.003577 -0.007533 -0.006777 -0.004861 -0.002506 -0.001832
   0.001822 0.001926 0.002705 0.005557 0.009435 0.010110 0.007836 0.005478 0.003871 0.003362 0.003892 0.004310 0.004039 0.003582 0.003209 0.003368 0.004563 0.006808 0.009752 0.013041 0.017169 0.027643 0.059928 0.050931 0.012694 0.013964 0.022412 0.018375 0.006016 -0.000113 0.011233 0.038496 0.026230 -0.001961 -0.010565 -0.010644 -0.008363 -0.005782 -0.002813 -0.002513
   0.001081 0.001755 0.005843 0.012141 0.011791 0.008076 0.006032 0.005150 0.004675 0.004844 0.004993 0.004039 0.002613 0.001703 0.001593 0.002261 0.003715 0.006408 0.011189 0.019085 0.032365 0.050575 0.039203 0.008275 0.008762 0.021617 0.023873 0.013304 0.003124 0.008972 0.041508 0.045027 0.000201 -0.016278 -0.017601 -0.014479 -0.010708 -0.007412 -0.003156 -0.001346
   0.002196 0.007073 0.015997 0.008960 0.003281 0.002797 0.004018 0.005363 0.006740 0.007467 0.006115 0.003582 0.001703 0.001167 0.001564 0.002489 0.004557 0.009191 0.017636 0.030105 0.042164 0.036808 0.013433 0.006970 0.019277 0.028450 0.023679 0.013181 0.016095 0.051714 0.068748 0.004576 -0.023795 -0.027197 -0.023165 -0.017782 -0.013343 -0.009552 -0.003539 0.001088
   0.013221 0.017357 0.001181 -0.005069 -0.003462 0.000394 0.003793 0.006934 0.010571 0.010906 0.006903 0.003209 0.001593 0.001564 0.002270 0.004077 0.008409 0.016554 0.028412 0.038919 0.036096 0.017829 0.007099 0.016421 0.031221 0.035099 0.029822 0.036017 0.077484 0.094787 0.012973 -0.029228 -0.036495 -0.032499 -0.025796 -0.019874 -0.015459 -0.010990 -0.003229 0.003478
   0.015845 -0.000055 -0.008823 -0.007524 -0.001907 0.003633 0.007523 0.011595 0.015751 0.013316 0.007080 0.003368 0.002261 0.002489 0.004077 0.008284 0.016224 0.027794 0.037727 0.034914 0.018120 0.007031 0.016026 0.035418 0.048170 0.053712 0.072944 0.122323 0.122114 0.023877 -0.031843 -0.045219 -0.042954 -0.035954 -0.028600 -0.022380 -0.016959 -0.011176 -0.002360 0.005282
   0.002061 -0.004748 -0.006453 -0.000888 0.007373 0.013885 0.017458 0.019654 0.019240 0.013327 0.007364 0.004563 0.003715 0.004557 0.008409 0.016224 0.027673 0.037221 0.033272 0.015575 0.005821 0.018542 0.042780 0.063014 0.085486 0.133581 0.192242 0.154344 0.036643 -0.033095 -0.055419 -0.056838 -0.050716 -0.042635 -0.034114 -0.025345 -0.017337 -0.010793 -0.002347 0.007598
   0.002259 0.000443 0.002858 0.013165 0.026335 0.033500 0.031592 0.025381 0.018189 0.011812 0.008418 0.006808 0.006408 0.009191 0.016554 0.027794 0.037221 0.032471 0.013194 0.004374 0.021234 0.047138 0.069437 0.115909 0.219953 0.289314 0.188945 0.048977 -0.030338 -0.063326 -0.070776 -0.066252 -0.058289 -0.048767 -0.036658 -0.023926 -0.015242 -0.011348 -0.003541 0.014019
   0.010359 0.009537 0.017332 0.038790 0.056045 0.051817 0.036392 0.022901 0.014036 0.010490 0.010122 0.009752 0.011189 0.017636 0.028412 0.037727 0.033272 0.013194 0.003815 0.022590 0.044692 0.055985 0.123219 0.301216 0.352128 0.181832 0.046211 -0.020771 -0.056250 -0.070860 -0.069047 -0.061039 -0.052003 -0.039486 -0.023490 -0.011188 -0.008687 -0.010410 0.001395 0.027166
   0.018645 0.020015 0.043359 0.071156 0.066950 0.045631 0.027862 0.016226 0.010194 0.009882 0.011354 0.013041 0.019085 0.030105 0.038919 0.034914 0.015575 0.004374 0.022590 0.042066 0.035492 0.100004 0.304097 0.246072 0.062410 0.005153 -0.007559 -0.024331 -0.041907 -0.046357 -0.039758 -0.030976 -0.019501 -0.002547 0.013425 0.017269 0.008659 0.006344 0.027176 0.038186
   0.025895 0.040657 0.068762 0.060876 0.041845 0.028249 0.018223 0.010647 0.007546 0.008607 0.010840 0.017169 0.032365 0.042164 0.036096 0.018120 0.005821 0.021234 0.044692 0.035492 0.082412 0.240975 0.024319 -0.130418 -0.068736 0.006635 0.029335 0.017919 0.003475 0.002585 0.010153 0.022039 0.040857 0.062246 0.072292 0.063404 0.049497 0.058062 0.076294 0.027586
   0.042892 0.062411 0.038850 0.023665 0.020974 0.017642 0.011940 0.006579 0.004949 0.005529 0.008776 0.027643 0.050575 0.036808 0.017829 0.007031 0.018542 0.047138 0.055985 0.100003 0.240975 -0.078796 -0.260082 -0.130550 0.025207 0.093120 0.095062 0.071935 0.056891 0.059747 0.074496 0.098829 0.128268 0.148062 0.145026 0.126144 0.120214 0.137196 0.117965 -0.020082
   0.050638 0.027028 0.002354 0.007679 0.012765 0.011825 0.006930 0.003074 0.001840 0.001357 0.011948 0.059928 0.039203 0.013433 0.007099 0.016026 0.042780 0.069437 0.123219 0.304097 0.024319 -0.260082 -0.151716 0.042941 0.149478 0.168377 0.142961 0.114554 0.113936 0.138948 0.177769 0.218704 0.245377 0.243326 0.217659 0.194623 0.197479 0.193900 0.110345 -0.109454
   -0.034695 -0.007677 -0.005937 0.003753 0.008038 0.006207 0.002202 0.000569 -0.000798 0.003645 0.051639 0.050931 0.008275 0.006970 0.016421 0.035418 0.063014 0.115909 0.301216 0.246072 -0.130418 -0.130550 0.042941 0.173033 0.214291 0.196584 0.163670 0.170518 0.224541 0.301873 0.374808 0.407022 0.381836 0.323584 0.269608 0.242993 0.232573 0.179099 0.050053 -0.208237
   -0.074286 -0.012095 -0.005364 0.001126 0.002790 0.000837 0.000319 0.000289 0.003863 0.045551 0.076343 0.012694 0.008762 0.019277 0.031221 0.048170 0.085487 0.219953 0.352128 0.062410 -0.068736 0.025207 0.149478 0.214291 0.216445 0.190694 0.211795 0.301425 0.436090 0.600802 0.699243 0.630606 0.479697 0.355235 0.282563 0.243825 0.196270 0.098719 -0.020571 -0.237284
   -0.044320 -0.008951 -0.004556 -0.001500 -0.000937 0.000326 0.002057 0.006293 0.044249 0.096455 0.029098 0.013964 0.021617 0.028450 0.035099 0.053712 0.133581 0.289314 0.181832 0.005153 0.006635 0.093120 0.168377 0.196584 0.190694 0.224914 0.326894 0.459074 0.719985 1.077357 1.040608 0.721215 0.470819 0.329865 0.252626 0.192412 0.110081 0.008315 -0.053549 -0.163080
   -0.022185 -0.005505 -0.003161 -0.001311 0.001100 0.003820 0.008136 0.040238 0.099152 0.044542 0.020236 0.022412 0.023873 0.023679 0.029822 0.072944 0.192242 0.188945 0.046211 -0.007559 0.029335 0.095062 0.142961 0.163670 0.211795 0.326894 0.413181 0.527396 1.245191 1.522755 0.978974 0.593157 0.388519 0.269401 0.190264 0.112649 0.024599 -0.040627 -0.036660 -0.047611
